*PARAMETER
num-dim: 2
*MATPROP
b-plane-strain: 0
young's-modulus: 1000
poisson's-ratio: 0.3
*NODE
num-node: 177
nodal-coord:
0.0 10.0
2.5 10.0
5.0 10.0
7.5 10.0
10.0 10.0
12.5 10.0
15.0 10.0
17.5 10.0
20.0 10.0
22.5 10.0
25.0 10.0
27.5 10.0
30.0 10.0
32.5 10.0
35.0 10.0
37.5 10.0
40.0 10.0
42.5 10.0
45.0 10.0
47.5 10.0
50.0 10.0
52.5 10.0
55.0 10.0
57.5 10.0
60.0 10.0
60.0 5.0
57.5 5.0
55.0 5.0
52.5 5.0
50.0 5.0
47.5 5.0
45.0 5.0
42.5 5.0
40.0 5.0
37.5 5.0
35.0 5.0
32.5 5.0
30.0 5.0
27.5 5.0
25.0 5.0
22.5 5.0
20.0 5.0
17.5 5.0
15.0 5.0
12.5 5.0
10.0 5.0
7.5 5.0
5.0 5.0
2.5 5.0
0.0 5.0
0.0 0.0
2.5 0.0
5.0 0.0
7.5 0.0
10.0 0.0
12.5 0.0
15.0 0.0
17.5 0.0
20.0 0.0
22.5 0.0
25.0 0.0
27.5 0.0
30.0 0.0
32.5 0.0
35.0 0.0
37.5 0.0
40.0 0.0
42.5 0.0
45.0 0.0
47.5 0.0
50.0 0.0
52.5 0.0
55.0 0.0
57.5 0.0
60.0 0.0
60.0 -5.0
57.5 -5.0
55.0 -5.0
52.5 -5.0
50.0 -5.0
47.5 -5.0
45.0 -5.0
42.5 -5.0
40.0 -5.0
37.5 -5.0
35.0 -5.0
32.5 -5.0
30.0 -5.0
27.5 -5.0
25.0 -5.0
22.5 -5.0
20.0 -5.0
17.5 -5.0
15.0 -5.0
12.5 -5.0
10.0 -5.0
7.5 -5.0
5.0 -5.0
2.5 -5.0
0.0 -5.0
0.0 -10.0
2.5 -10.0
5.0 -10.0
7.5 -10.0
10.0 -10.0
12.5 -10.0
15.0 -10.0
17.5 -10.0
20.0 -10.0
22.5 -10.0
25.0 -10.0
27.5 -10.0
30.0 -10.0
32.5 -10.0
35.0 -10.0
37.5 -10.0
40.0 -10.0
42.5 -10.0
45.0 -10.0
47.5 -10.0
50.0 -10.0
52.5 -10.0
55.0 -10.0
57.5 -10.0
60.0 -10.0
0.0 7.5
5.0 7.5
10.0 7.5
15.0 7.5
20.0 7.5
25.0 7.5
30.0 7.5
35.0 7.5
40.0 7.5
45.0 7.5
50.0 7.5
55.0 7.5
60.0 7.5
0.0 2.5
5.0 2.5
10.0 2.5
15.0 2.5
20.0 2.5
25.0 2.5
30.0 2.5
35.0 2.5
40.0 2.5
45.0 2.5
50.0 2.5
55.0 2.5
60.0 2.5
0.0 -2.5
5.0 -2.5
10.0 -2.5
15.0 -2.5
20.0 -2.5
25.0 -2.5
30.0 -2.5
35.0 -2.5
40.0 -2.5
45.0 -2.5
50.0 -2.5
55.0 -2.5
60.0 -2.5
0.0 -7.5
5.0 -7.5
10.0 -7.5
15.0 -7.5
20.0 -7.5
25.0 -7.5
30.0 -7.5
35.0 -7.5
40.0 -7.5
45.0 -7.5
50.0 -7.5
55.0 -7.5
60.0 -7.5
*ELEMENT
num-elem: 48
num-elem-node: 8
elem-conn:
50 49 48 127 3 2 1 126
48 47 46 128 5 4 3 127
46 45 44 129 7 6 5 128
44 43 42 130 9 8 7 129
42 41 40 131 11 10 9 130
40 39 38 132 13 12 11 131
38 37 36 133 15 14 13 132 
36 35 34 134 17 16 15 133
34 33 32 135 19 18 17 134
32 31 30 136 21 20 19 135
30 29 28 137 23 22 21 136
28 27 26 138 25 24 23 137
73 74  75 151 26 27 28 150
71 72 73 150 28 29 30 149
69 70 71 149 30 31 32 148
67 68 69 148 32 33 34 147
65 66 67 147 34 35 36 146 
63 64 65 146 36 37 38 145
61 62 63 145 38 39 40 144
59 60 61 144 40 41 42 143
57 58 59 143 42 43 44 142
55 56 57 142 44 45 46 141
53 54 55 141 46 47 48 140
51 52 53 140 48 49 50 139
100 99 98 153 53 52 51 152
98 97 96 154 55 54 53 153
96 95 94 155 57 56 55 154
94 93 92 156 59 58 57 155
92 91 90 157 61 60 59 156
90 89 88 158 63 62 61 157
88 87 86 159 65 64 63 158
86 85 84 160 67 66 65 159
84 83 82 161 69 68 67 160
82 81 80 162 71 70 69 161
80 79 78 163 73 72 71 162
78 77 76 164 75 74 73 163
101 102 103 166 98 99 100 165
103 104 105 167 96 97 98 166
105 106 107 168 94 95 96 167
107 108 109 169 92 93 94 168
109 110 111 170 90 91 92 169
111 112 113 171 88 89 90 170
113 114 115 172 86 87 88 171
115 116 117 173 84 85 86 172
117 118 119 174 82 83 84 173
119 120 121 175 80 81 82 174
121 122 123 176 78 79 80 175
123 124 125 177 76 77 78 176
*BOUNDARY:
num-prescribed-disp: 18
node#-dof#-disp:
25 1 0.0
25 2 0.0
138 1 0.0
138 2 0.0
26 1 0.0
26 2 0.0
151 1 0.0
151 2 0.0
75 1 0.0
75 2 0.0
164 1 0.0
164 2 0.0
76 1 0.0
76 2 0.0
177 1 0.0
177 2 0.0
125 1 0.0
125 2 0.0
num-prescribed-load: 1
node#-trac:
51 0.0 -80.0
thickness: 1