73 280 74 288 87 295 88 287 256 257 265 264 49 219 50 227 63 234 64 226 
74 281 75 289 86 296 87 288 257 258 266 265 50 220 51 228 62 235 63 227
75 282 76 290 85 297 86 289 258 259 267 266 51 221 52 229 61 236 62 228
76 283 77 291 84 298 85 290 259 260 268 267 52 222 53 230 60 237 61 229
77 284 78 292 83 299 84 291 260 261 269 268 53 223 54 231 59 238 60 230 
78 285 79 293 82 300 83 292 261 262 270 269 54 224 55 232 58 239 59 231
79 286 80 294 81 301 82 293 262 263 271 270 55 225 56 233 57 240 58 232
88 295 87 303 90 310 89 302 264 265 273 272 64 234 63 242 66 249 65 241
87 296 86 304 91 311 90 303 265 266 274 273 63 235 62 243 67 250 66 242
86 297 85 305 92 312 91 304 266 267 275 274 62 236 61 244 68 251 67 243 
85 298 84 306 93 313 92 305 267 268 276 275 61 237 60 245 69 252 68 244 
84 299 83 307 94 314 93 306 268 269 277 276 60 238 59 246 70 253 69 245 
83 300 82 308 95 315 94 307 269 270 278 277 59 239 58 247 71 254 70 246
82 301 81 309 96 316 95 308 270 271 279 278 58 240 57 248 72 255 71 247
49 219 50 227 63 234 64 226 195 196 204 203 25 158 26 166 39 173 40 165
50 220 51 228 62 235 63 227 196 197 205 204 26 159 27 167 38 174 39 166
51 221 52 229 61 236 62 228 197 198 206 205 27 160 28 168 37 175 38 167
52 222 53 230 60 237 61 229 198 199 207 206 28 161 29 169 36 176 37 168
53 223 54 231 59 238 60 230 199 200 208 207 29 162 30 170 35 177 36 169
54 224 55 232 58 239 59 231 200 201 209 208 30 163 31 171 34 178 35 170
55 225 56 233 57 240 58 232 201 202 210 209 31 164 32 172 33 179 34 171
64 234 63 242 66 249 65 241 203 204 212 211 40 173 39 181 42 188 41 180 
63 235 62 243 67 250 66 242 204 205 213 212 39 174 38 182 43 189 42 181
62 236 61 244 68 251 67 243 205 206 214 213 38 175 37 183 44 190 43 182
61 237 60 245 69 252 68 244 206 207 215 214 37 176 36 184 45 191 44 183
60 238 59 246 70 253 69 245 207 208 216 215 36 177 35 185 46 192 45 184
59 239 58 247 71 254 70 246 208 209 217 216 35 178 34 186 47 193 46 185
58 240 57 248 72 255 71 247 209 210 218 217 34 179 33 187 48 194 47 186
25 158 26 166 39 173 40 165 134 135 143 142 1 97 2 105 15 112 16 104
26 159 27 167 38 174 39 166 135 136 144 143 2 98 3 106 14 113 15 105
27 160 28 168 37 175 38 167 136 137 145 144 3 99 4 107 13 114 14 106
28 161 29 169 36 176 37 168 137 138 146 145 4 100 5 108 12 115 13 107
29 162 30 170 35 177 36 169 138 139 147 146 5 101 6 109 11 116 12 108
30 163 31 171 34 178 35 170 139 140 148 147 6 102 7 110 10 117 11 109
31 164 32 172 33 179 34 171 140 141 149 148 7 103 8 111 9 118 10 110
40 173 39 181 42 188 41 180 142 143 151 150 16 112 15 120 18 127 17 119
39 174 38 182 43 189 42 181 143 144 152 151 15 113 14 121 19 128 18 120 
38 175 37 183 44 190 43 182 144 145 153 152 14 114 13 122 20 129 19 121 
37 176 36 184 45 191 44 183 145 146 154 153 13 115 12 123 21 130 20 122
36 177 35 185 46 192 45 184 146 147 155 154 12 116 11 124 22 131 21 123
35 178 34 186 47 193 46 185 147 148 156 155 11 117 10 125 23 132 22 124
34 179 33 187 48 194 47 186 148 149 157 156 10 118 9 126 24 133 23 125

