0.0 0.0 6.0
3.0 0.0 6.0
6.0 0.0 6.0
9.0 0.0 6.0 
12.0 0.0 6.0
15.0 0.0 6.0 
18.0 0.0 6.0 
21.0 0.0 6.0
21.0 2.0 6.0
18.0 2.0 6.0
15.0 2.0 6.0
12.0 2.0 6.0
9.0 2.0 6.0 
6.0 2.0 6.0
3.0 2.0 6.0
0.0 2.0 6.0
0.0 4.0 6.0
3.0 4.0 6.0
6.0 4.0 6.0
9.0 4.0 6.0
12.0 4.0 6.0 
15.0 4.0 6.0
18.0 4.0 6.0 
21.0 4.0 6.0
0.0 0.0 4.0
3.0 0.0 4.0
6.0 0.0 4.0
9.0 0.0 4.0 
12.0 0.0 4.0
15.0 0.0 4.0 
18.0 0.0 4.0 
21.0 0.0 4.0
21.0 2.0 4.0
18.0 2.0 4.0
15.0 2.0 4.0
12.0 2.0 4.0
9.0 2.0 4.0 
6.0 2.0 4.0
3.0 2.0 4.0
0.0 2.0 4.0
0.0 4.0 4.0
3.0 4.0 4.0
6.0 4.0 4.0
9.0 4.0 4.0
12.0 4.0 4.0 
15.0 4.0 4.0
18.0 4.0 4.0 
21.0 4.0 4.0
0.0 0.0 2.0
3.0 0.0 2.0
6.0 0.0 2.0
9.0 0.0 2.0 
12.0 0.0 2.0
15.0 0.0 2.0 
18.0 0.0 2.0 
21.0 0.0 2.0
21.0 2.0 2.0
18.0 2.0 2.0
15.0 2.0 2.0
12.0 2.0 2.0
9.0 2.0 2.0 
6.0 2.0 2.0
3.0 2.0 2.0
0.0 2.0 2.0
0.0 4.0 2.0
3.0 4.0 2.0
6.0 4.0 2.0
9.0 4.0 2.0
12.0 4.0 2.0 
15.0 4.0 2.0
18.0 4.0 2.0 
21.0 4.0 2.0
0.0 0.0 0.0
3.0 0.0 0.0
6.0 0.0 0.0
9.0 0.0 0.0 
12.0 0.0 0.0
15.0 0.0 0.0 
18.0 0.0 0.0 
21.0 0.0 0.0
21.0 2.0 0.0
18.0 2.0 0.0
15.0 2.0 0.0
12.0 2.0 0.0
9.0 2.0 0.0 
6.0 2.0 0.0
3.0 2.0 0.0
0.0 2.0 0.0
0.0 4.0 0.0
3.0 4.0 0.0
6.0 4.0 0.0
9.0 4.0 0.0
12.0 4.0 0.0 
15.0 4.0 0.0
18.0 4.0 0.0 
21.0 4.0 0.0
1.5	0.0	6.0
4.5	0.0	6.0
7.5	0.0	6.0
10.5	0.0	6.0
13.5	0.0	6.0
16.5	0.0	6.0
19.5	0.0	6.0
0.0	1.0	6.0
3.0	1.0	6.0
6.0	1.0	6.0
9.0	1.0	6.0
12.0	1.0	6.0
15.0	1.0	6.0
18.0	1.0	6.0
21.0	1.0	6.0
1.5	2.0	6.0
4.5	2.0	6.0
7.5	2.0	6.0
10.5	2.0	6.0
13.5	2.0	6.0
16.5	2.0	6.0
19.5	2.0	6.0
0.0	3.0	6.0
3.0	3.0	6.0
6.0	3.0	6.0
9.0	3.0	6.0
12.0	3.0	6.0
15.0	3.0	6.0
18.0	3.0	6.0
21.0	3.0	6.0
1.5	4.0	6.0
4.5	4.0	6.0
7.5	4.0	6.0
10.5	4.0	6.0
13.5	4.0	6.0
16.5	4.0	6.0
19.5	4.0	6.0
0.0	0.0	5.0
3.0	0.0	5.0
6.0	0.0	5.0
9.0	0.0	5.0
12.0	0.0	5.0
15.0	0.0	5.0
18.0	0.0	5.0
21.0	0.0	5.0
0.0	2.0	5.0
3.0	2.0	5.0
6.0	2.0	5.0
9.0	2.0	5.0
12.0	2.0	5.0
15.0	2.0	5.0
18.0	2.0	5.0
21.0	2.0	5.0
0.0	4.0	5.0
3.0	4.0	5.0
6.0	4.0	5.0
9.0	4.0	5.0
12.0	4.0	5.0
15.0	4.0	5.0
18.0	4.0	5.0
21.0	4.0	5.0
1.5	0.0	4.0
4.5	0.0	4.0
7.5	0.0	4.0
10.5	0.0	4.0
13.5	0.0	4.0
16.5	0.0	4.0
19.5	0.0	4.0
0.0	1.0	4.0
3.0	1.0	4.0
6.0	1.0	4.0
9.0	1.0	4.0
12.0	1.0	4.0
15.0	1.0	4.0
18.0	1.0	4.0
21.0	1.0	4.0
1.5	2.0	4.0
4.5	2.0	4.0
7.5	2.0	4.0
10.5	2.0	4.0
13.5	2.0	4.0
16.5	2.0	4.0
19.5	2.0	4.0
0.0	3.0	4.0
3.0	3.0	4.0
6.0	3.0	4.0
9.0	3.0	4.0
12.0	3.0	4.0
15.0	3.0	4.0
18.0	3.0	4.0
21.0	3.0	4.0
1.5	4.0	4.0
4.5	4.0	4.0
7.5	4.0	4.0
10.5	4.0	4.0
13.5	4.0	4.0
16.5	4.0	4.0
19.5	4.0	4.0
0.0	0.0	3.0
3.0	0.0	3.0
6.0	0.0	3.0
9.0	0.0	3.0
12.0	0.0	3.0
15.0	0.0	3.0
18.0	0.0	3.0
21.0	0.0	3.0
0.0	2.0	3.0
3.0	2.0	3.0
6.0	2.0	3.0
9.0	2.0	3.0
12.0	2.0	3.0
15.0	2.0	3.0
18.0	2.0	3.0
21.0	2.0	3.0
0.0	4.0	3.0
3.0	4.0	3.0
6.0	4.0	3.0
9.0	4.0	3.0
12.0	4.0	3.0
15.0	4.0	3.0
18.0	4.0	3.0
21.0	4.0	3.0
1.5	0.0	2.0
4.5	0.0	2.0
7.5	0.0	2.0
10.5	0.0	2.0
13.5	0.0	2.0
16.5	0.0	2.0
19.5	0.0	2.0
0.0	1.0	2.0
3.0	1.0	2.0
6.0	1.0	2.0
9.0	1.0	2.0
12.0	1.0	2.0
15.0	1.0	2.0
18.0	1.0	2.0
21.0	1.0	2.0
1.5	2.0	2.0
4.5	2.0	2.0
7.5	2.0	2.0
10.5	2.0	2.0
13.5	2.0	2.0
16.5	2.0	2.0
19.5	2.0	2.0
0.0	3.0	2.0
3.0	3.0	2.0
6.0	3.0	2.0
9.0	3.0	2.0
12.0	3.0	2.0
15.0	3.0	2.0
18.0	3.0	2.0
21.0	3.0	2.0
1.5	4.0	2.0
4.5	4.0	2.0
7.5	4.0	2.0
10.5	4.0	2.0
13.5	4.0	2.0
16.5	4.0	2.0
19.5	4.0	2.0
0.0	0.0	1.0
3.0	0.0	1.0
6.0	0.0	1.0
9.0	0.0	1.0
12.0	0.0	1.0
15.0	0.0	1.0
18.0	0.0	1.0
21.0	0.0	1.0
0.0	2.0	1.0
3.0	2.0	1.0
6.0	2.0	1.0
9.0	2.0	1.0
12.0	2.0	1.0
15.0	2.0	1.0
18.0	2.0	1.0
21.0	2.0	1.0
0.0	4.0	1.0
3.0	4.0	1.0
6.0	4.0	1.0
9.0	4.0	1.0
12.0	4.0	1.0
15.0	4.0	1.0
18.0	4.0	1.0
21.0	4.0	1.0
1.5	0.0	0.0
4.5	0.0	0.0
7.5	0.0	0.0
10.5	0.0	0.0
13.5	0.0	0.0
16.5	0.0	0.0
19.5	0.0	0.0
0.0	1.0	0.0
3.0	1.0	0.0
6.0	1.0	0.0
9.0	1.0	0.0
12.0	1.0	0.0
15.0	1.0	0.0
18.0	1.0	0.0
21.0	1.0	0.0
1.5	2.0	0.0
4.5	2.0	0.0
7.5	2.0	0.0
10.5	2.0	0.0
13.5	2.0	0.0
16.5	2.0	0.0
19.5	2.0	0.0
0.0	3.0	0.0
3.0	3.0	0.0
6.0	3.0	0.0
9.0	3.0	0.0
12.0	3.0	0.0
15.0	3.0	0.0
18.0	3.0	0.0
21.0	3.0	0.0
1.5	4.0	0.0
4.5	4.0	0.0
7.5	4.0	0.0
10.5	4.0	0.0
13.5	4.0	0.0
16.5	4.0	0.0
19.5	4.0	0.0











