*PARAMETER
num-dim: 2
*MATPROP
b-plane-strain: 0
young's-modulus: 1000
poisson's-ratio: 0.3
*NODE
num-node: 65
nodal-coord:
0.0 10.0
5.0 10.0
10.0 10.0
15.0 10.0
20.0 10.0
25.0 10.0
30.0 10.0
35.0 10.0
40.0 10.0
45.0 10.0
50.0 10.0
55.0 10.0
60.0 10.0
60.0 5.0
55.0 5.0
50.0 5.0
45.0 5.0
40.0 5.0
35.0 5.0
30.0 5.0
25.0 5.0
20.0 5.0
15.0 5.0
10.0 5.0 
5.0 5.0
0.0 5.0
0.0 0.0
5.0 0.0
10.0 0.0
15.0 0.0
20.0 0.0
25.0 0.0
30.0 0.0
35.0 0.0
40.0 0.0
45.0 0.0
50.0 0.0
55.0 0.0
60.0 0.0
60.0 -5.0
55.0 -5.0
50.0 -5.0
45.0 -5.0
40.0 -5.0
35.0 -5.0
30.0 -5.0
25.0 -5.0
20.0 -5.0
15.0 -5.0
10.0 -5.0
5.0 -5.0
0.0 -5.0
0.0 -10.0
5.0 -10.0
10.0 -10.0
15.0 -10.0
20.0 -10.0
25.0 -10.0
30.0 -10.0
35.0 -10.0
40.0 -10.0
45.0 -10.0
50.0 -10.0
55.0 -10.0
60.0 -10.0
*ELEMENT
num-elem: 48
num-elem-node: 4
elem-conn:
26 25 2 1
25 24 3 2
24 23 4 3
23 22 5 4
22 21 6 5
21 20 7 6
20 19 8 7
19 18 9 8
18 17 10 9
17 16 11 10
16 15 12 11
15 14 13 12
38 39 14 15
37 38 15 16
36 37 16 17
35 36 17 18
34 35 18 19
33 34 19 20
32 33 20 21
31 32 21 22
30 31 22 23
29 30 23 24
28 29 24 25
27 28 25 26
52 51 28 27
51 50 29 28
50 49 30 29
49 48 31 30
48 47 32 31
47 46 33 32
46 45 34 33
45 44 35 34
44 43 36 35
43 42 37 36
42 41 38 37
41 40 39 38
64 65 40 41
63 64 41 42
62 63 42 43
61 62 43 44
60 61 44 45
59 60 45 46
58 59 46 47
57 58 47 48
56 57 48 49
55 56 49 50
54 55 50 51
53 54 51 52
*BOUNDARY:
num-prescribed-disp: 10
node#-dof#-disp:
13 1 0.0
13 2 0.0
14 1 0.0
14 2 0.0
39 1 0.0
39 2 0.0
40 1 0.0
40 2 0.0
65 1 0.0
65 2 0.0
num-prescribed-load: 1
node#-trac:
27 0.0 -80.0
thickness: 1