            21            20             1            62            63            64
            15            20            21            65            62            66
            28            33            29            67            68            69
             1            20            25            63            70            71
            16            45            41            72            73            74
             5            20            15            75            65            76
            15            19             5            77            78            76
             5            19            23            78            79            80
            32            37            33            81            82            83
            32            33            28            83            67            84
            28             7            32            85            86            84
            32             7             8            86            87            88
            40            45            16            89            72            90
            20             5            24            75            91            92
            28            29            24            69            93            94
            29            25            24            95            96            93
            24            25            20            96            70            92
             6            23            27            97            98            99
             6             5            23           100            80            97
             6            24             5           101            91           100
            27             7             6           102           103            99
             6             7            28           103            85           104
            28            24             6            94           101           104
            37            32            36            81           105           106
            36            41            37           107           108           106
            16            41            36            74           107           109
            36            32             8           105            88           110
            27            23            22            98           111           112
            31             7            27           113           102           114
             8             7            31            87           113           115
            16            36             9           109           116           117
             9            36             8           116           110           118
            42            43            38           119           120           121
            17            14            59           122           123           124
            13            12            51           125           126           127
            18            22            23           128           111           129
            18            19             2           130           131           132
            23            19            18            79           130           129
            30            31            26           133           134           135
            27            22            26           112           136           137
            26            31            27           134           114           137
            10            43            11           138           139           140
            11            40            10           141           142           140
            10            40            16           142            90           143
            16             9            10           117           144           143
            35             9             8           145           118           146
             8            31            35           115           147           146
            35            31            30           147           133           148
            58            59             4           149           150           151
            17            59            58           124           149           152
             4            59            54           150           153           154
            45            40            49            89           155           156
            57            53            48           157           158           159
            48            12            13           160           125           161
            55            51            50           162           163           164
            50            54            55           165           166           164
            55            54            59           166           153           167
            13            51            55           127           162           168
            55            14            13           169           170           168
            55            59            14           167           123           169
            50            51            46           163           171           172
            34            35            30           173           148           174
             9            35            39           145           175           176
            39            38            43           177           120           178
            39            34            38           179           180           177
            35            34            39           173           179           175
            43            10            39           138           181           178
            39            10             9           181           144           176
            56            60             3           182           183           184
             3            61            56           185           186           184
            17            60            56           187           182           188
            56            14            17           189           122           188
            53            49            44           190           191           192
            44            48            53           193           158           192
            44            49            40           191           155           194
            44            40            11           194           141           195
            11            12            44           196           197           195
            12            48            44           160           193           197
            42            46            47           198           199           200
            47            43            42           201           119           200
            47            46            51           199           171           202
            11            43            47           139           201           203
            47            12            11           204           196           203
            47            51            12           202           126           204
            52            61            57           205           206           207
            52            56            61           208           186           205
            57            48            52           159           209           207
            52            48            13           209           161           210
            13            14            52           170           211           210
            14            56            52           189           208           211
