        0.000000       10.000000
        0.000000      -10.000000
       60.000000       10.000000
       60.000000      -10.000000
        5.500000        0.000000
       11.000000        0.000000
       16.500000        0.000000
       22.000000        0.000000
       27.500000        0.000000
       33.000000        0.000000
       38.500000        0.000000
       44.000000        0.000000
       49.500000        0.000000
       55.000000        0.000000
        0.000000        0.000000
       30.000000        5.000000
       60.000000        0.000000
        4.837289      -10.000000
        0.000000       -5.001439
        4.246402        5.012344
        0.000000        4.994758
       10.107331      -10.000000
        6.507013       -4.916285
        9.059220        5.000745
        5.568137       10.000000
       15.595539      -10.000000
       12.576348       -4.972509
       14.164648        4.992276
       11.091370       10.000000
       21.137037      -10.000000
       18.386672       -4.992979
       19.409145        4.986833
       16.553755       10.000000
       26.678976      -10.000000
       24.049424       -4.998196
       24.706854        4.980809
       21.976358       10.000000
       32.206873      -10.000000
       29.619653       -4.997727
       35.422356        4.979663
       27.377171       10.000000
       37.721768      -10.000000
       35.117531       -4.995352
       40.771082        4.980209
       32.783599       10.000000
       43.234828      -10.000000
       40.537460       -4.992033
       46.007514        4.983821
       38.185465       10.000000
       48.771314      -10.000000
       45.845273       -4.994558
       51.049839        4.950282
       43.594786       10.000000
       54.342893      -10.000000
       50.960126       -4.961443
       55.742471        5.084795
       49.026931       10.000000
       60.000000       -4.957948
       55.718851       -5.104934
       60.000000        4.965659
       54.483636       10.000000
        2.123201        5.003551
        2.123201        7.506172
        0.000000        7.497379
        2.123201        2.506172
        0.000000        2.497379
       15.359202        7.496138
       13.822563       10.000000
       12.628009        7.496138
        4.907270        7.506172
        2.784069       10.000000
       31.391800        7.500000
       30.080385       10.000000
       28.688585        7.500000
        4.873201        2.506172
        2.750000        0.000000
        0.000000       -2.500719
        2.750000       -2.500719
        3.253507       -4.958862
        6.003507       -2.458142
       20.692752        7.493416
       19.265057       10.000000
       17.981450        7.493416
       16.786897        4.989554
       15.332324        2.496138
       17.954572        2.493416
       19.250000        0.000000
       20.704572        2.493416
       34.102977        7.489831
       32.711178        4.989831
        7.279610        2.500373
        6.652811        5.006545
       10.075295        7.500373
       11.611934        4.996511
        8.329754       10.000000
        7.313679        7.500373
        8.753507       -2.458142
        9.541681       -4.944397
       11.788174       -2.486254
        8.250000        0.000000
       10.029610        2.500373
       14.538174       -2.486254
       13.750000        0.000000
       12.582324        2.496138
       22.057999        4.983821
       23.341606        7.490404
       26.042012        7.490404
       24.676765       10.000000
       27.353427        4.990404
       23.353427        2.490404
        8.307172       -7.458142
       11.341840       -7.486254
       17.443336       -2.496489
       15.481510       -4.982744
       20.193336       -2.496489
       26.103427        2.490404
       28.750000        2.500000
       24.750000        0.000000
       36.419650       -7.497676
       33.662202       -7.497676
       34.964321      -10.000000
       57.500000        0.000000
       55.359425       -2.552467
       57.859425       -2.552467
       46.750000        0.000000
       44.922636       -2.497279
       47.672636       -2.497279
        7.472310      -10.000000
        5.672151       -7.458142
        2.418645       -7.500719
        0.000000       -7.500719
        2.418645      -10.000000
       19.761855       -7.496489
       16.991106       -7.496489
       18.366288      -10.000000
       12.851435      -10.000000
       14.085944       -7.486254
       34.058766       -2.497676
       36.808766       -2.497676
       35.750000        0.000000
       36.961178        2.489831
       34.211178        2.489831
       31.500000        2.500000
       30.250000        0.000000
       25.774712       -2.499098
       23.024712       -2.499098
       21.218048       -4.995587
       22.593230       -7.499098
       57.859425       -5.031441
       57.859425       -7.552467
       60.000000       -7.478974
       60.000000       -2.478974
       55.030872       -7.552467
       57.171447      -10.000000
       36.803911        7.489831
       35.484532       10.000000
       46.310859       10.000000
       44.801150        7.491910
       47.517223        7.491910
       45.003757        2.491910
       47.753757        2.491910
       48.402699       -4.978000
       47.308293       -7.497279
       49.865720       -7.480721
       51.557104      -10.000000
       52.651509       -7.480721
       53.339488       -5.033188
       50.230063       -2.480721
       52.980063       -2.480721
       52.250000        0.000000
       44.540051       -7.497279
       46.003071      -10.000000
       25.364200       -7.499098
       23.908007      -10.000000
       26.834538       -4.997961
       28.559826       -2.498864
       30.913263       -7.498864
       32.368592       -4.996539
       28.149315       -7.498864
       29.442925      -10.000000
       31.309826       -2.498864
       57.871235        5.025227
       60.000000        7.482829
       57.871235        7.542397
       57.241818       10.000000
       55.113053        7.542397
       60.000000        2.482829
       57.871235        2.542397
       55.371235        2.542397
       40.890126       10.000000
       39.478274        7.490105
       42.182934        7.490105
       43.389298        4.982015
       38.096719        4.979936
       39.635541        2.490105
       41.250000        0.000000
       42.385541        2.490105
       40.478298      -10.000000
       41.886144       -7.496017
       39.129614       -7.496017
       37.827496       -4.993692
       43.191366       -4.993295
       39.518730       -2.496017
       42.268730       -2.496017
       52.766737        7.475141
       51.755283       10.000000
       50.038385        7.475141
       53.396155        5.017538
       48.528677        4.967051
       50.274920        2.475141
       53.024920        2.475141
