        0.0000000000000000       10.0000000000000000
        0.0000000000000000      -10.0000000000000000
       60.0000000000000000       10.0000000000000000
       60.0000000000000000      -10.0000000000000000
        5.5000000000000000        0.0000000000000000
       11.0000000000000000        0.0000000000000000
       16.5000000000000000        0.0000000000000000
       22.0000000000000000        0.0000000000000000
       27.5000000000000000        0.0000000000000000
       33.0000000000000000        0.0000000000000000
       38.5000000000000000        0.0000000000000000
       44.0000000000000000        0.0000000000000000
       49.5000000000000000        0.0000000000000000
       55.0000000000000000        0.0000000000000000
        0.0000000000000000        0.0000000000000000
       30.0000000000000000        5.0000000000000000
       60.0000000000000000        0.0000000000000000
        4.8372894693125144      -10.0000000000000000
        0.0000000000000000       -5.0014386171452552
        4.2464022741538621        5.0123444198365625
        0.0000000000000000        4.9947580856037224
       10.1073306933944238      -10.0000000000000000
        6.5070131606880537       -4.9162847776660001
        9.0592199182733157        5.0007451033108090
        5.5681373165651085       10.0000000000000000
       15.5955388644521218      -10.0000000000000000
       12.5763484355307273       -4.9725088165828977
       14.1646482433637573        4.9922760278631522
       11.0913702757681012       10.0000000000000000
       21.1370370455595804      -10.0000000000000000
       18.3866722842401451       -4.9929785754296212
       19.4091449511652527        4.9868325094483419
       16.5537553938188644       10.0000000000000000
       26.6789763557600068      -10.0000000000000000
       24.0494239238686838       -4.9981957960624879
       24.7068539528822271        4.9808086006876575
       21.9763581614578456       10.0000000000000000
       32.2068729610754616      -10.0000000000000000
       29.6196526906635924       -4.9977270884546323
       35.4223558662741169        4.9796628302432806
       27.3771709969804853       10.0000000000000000
       37.7217680511271638      -10.0000000000000000
       35.1175313686881978       -4.9953518940122548
       40.7710822899460936        4.9802092205354871
       32.7835991102649160       10.0000000000000000
       43.2348284237856717      -10.0000000000000000
       40.5374600205090161       -4.9920330807972535
       46.0075143765034156        4.9838205424431212
       38.1854652914290753       10.0000000000000000
       48.7713137774603780      -10.0000000000000000
       45.8452727129145075       -4.9945579138056866
       51.0498393099805199        4.9502818387949024
       43.5947864532644047       10.0000000000000000
       54.3428932886706093      -10.0000000000000000
       50.9601256204204205       -4.9614428978319873
       55.7424708454387030        5.0847949550800111
       49.0269306288629991       10.0000000000000000
       60.0000000000000000       -4.9579484781045320
       55.7188506647952977       -5.1049339332324903
       60.0000000000000000        4.9656588989257600
       54.4836356142788318       10.0000000000000000
