            21            20             1
            15            20            21
            28            33            29
             1            20            25
            16            45            41
             5            20            15
            15            19             5
             5            19            23
            32            37            33
            32            33            28
            28             7            32
            32             7             8
            40            45            16
            20             5            24
            28            29            24
            29            25            24
            24            25            20
             6            23            27
             6             5            23
             6            24             5
            27             7             6
             6             7            28
            28            24             6
            37            32            36
            36            41            37
            16            41            36
            36            32             8
            27            23            22
            31             7            27
             8             7            31
            16            36             9
             9            36             8
            42            43            38
            17            14            59
            13            12            51
            18            22            23
            18            19             2
            23            19            18
            30            31            26
            27            22            26
            26            31            27
            10            43            11
            11            40            10
            10            40            16
            16             9            10
            35             9             8
             8            31            35
            35            31            30
            58            59             4
            17            59            58
             4            59            54
            45            40            49
            57            53            48
            48            12            13
            55            51            50
            50            54            55
            55            54            59
            13            51            55
            55            14            13
            55            59            14
            50            51            46
            34            35            30
             9            35            39
            39            38            43
            39            34            38
            35            34            39
            43            10            39
            39            10             9
            56            60             3
             3            61            56
            17            60            56
            56            14            17
            53            49            44
            44            48            53
            44            49            40
            44            40            11
            11            12            44
            12            48            44
            42            46            47
            47            43            42
            47            46            51
            11            43            47
            47            12            11
            47            51            12
            52            61            57
            52            56            61
            57            48            52
            52            48            13
            13            14            52
            14            56            52
