*PARAMETER
num-dim: 3
*MATPROP
b-plane-strain: 0
young's-modulus: 30000000
poisson's-ratio: 0.33
*NODE
num-node: 96
nodal-coord:
0.0 0.0 6.0
3.0 0.0 6.0
6.0 0.0 6.0
9.0 0.0 6.0 
12.0 0.0 6.0
15.0 0.0 6.0 
18.0 0.0 6.0 
21.0 0.0 6.0
21.0 2.0 6.0
18.0 2.0 6.0
15.0 2.0 6.0
12.0 2.0 6.0
9.0 2.0 6.0 
6.0 2.0 6.0
3.0 2.0 6.0
0.0 2.0 6.0
0.0 4.0 6.0
3.0 4.0 6.0
6.0 4.0 6.0
9.0 4.0 6.0
12.0 4.0 6.0 
15.0 4.0 6.0
18.0 4.0 6.0 
21.0 4.0 6.0
0.0 0.0 4.0
3.0 0.0 4.0
6.0 0.0 4.0
9.0 0.0 4.0 
12.0 0.0 4.0
15.0 0.0 4.0 
18.0 0.0 4.0 
21.0 0.0 4.0
21.0 2.0 4.0
18.0 2.0 4.0
15.0 2.0 4.0
12.0 2.0 4.0
9.0 2.0 4.0 
6.0 2.0 4.0
3.0 2.0 4.0
0.0 2.0 4.0
0.0 4.0 4.0
3.0 4.0 4.0
6.0 4.0 4.0
9.0 4.0 4.0
12.0 4.0 4.0 
15.0 4.0 4.0
18.0 4.0 4.0 
21.0 4.0 4.0
0.0 0.0 2.0
3.0 0.0 2.0
6.0 0.0 2.0
9.0 0.0 2.0 
12.0 0.0 2.0
15.0 0.0 2.0 
18.0 0.0 2.0 
21.0 0.0 2.0
21.0 2.0 2.0
18.0 2.0 2.0
15.0 2.0 2.0
12.0 2.0 2.0
9.0 2.0 2.0 
6.0 2.0 2.0
3.0 2.0 2.0
0.0 2.0 2.0
0.0 4.0 2.0
3.0 4.0 2.0
6.0 4.0 2.0
9.0 4.0 2.0
12.0 4.0 2.0 
15.0 4.0 2.0
18.0 4.0 2.0 
21.0 4.0 2.0
0.0 0.0 0.0
3.0 0.0 0.0
6.0 0.0 0.0
9.0 0.0 0.0 
12.0 0.0 0.0
15.0 0.0 0.0 
18.0 0.0 0.0 
21.0 0.0 0.0
21.0 2.0 0.0
18.0 2.0 0.0
15.0 2.0 0.0
12.0 2.0 0.0
9.0 2.0 0.0 
6.0 2.0 0.0
3.0 2.0 0.0
0.0 2.0 0.0
0.0 4.0 0.0
3.0 4.0 0.0
6.0 4.0 0.0
9.0 4.0 0.0
12.0 4.0 0.0 
15.0 4.0 0.0
18.0 4.0 0.0 
21.0 4.0 0.0
*ELEMENT
num-elem: 42
num-elem-node: 8
elem-conn:
73 74 50 49 88 87 63 64
74 75 51 50 87 86 62 63
75 76 52 51 86 85 61 62
76 77 53 52 85 84 60 61
77 78 54 53 84 83 59 60
78 79 55 54 83 82 58 59
79 80 56 55 82 81 57 58
88 87 63 64 89 90 66 65
87 86 62 63 90 91 67 66
86 85 61 62 91 92 68 67
85 84 60 61 92 93 69 68
84 83 59 60 93 94 70 69
83 82 58 59 94 95 71 70
82 81 57 58 95 96 72 71
49 50 26 25 64 63 39 40
50 51 27 26 63 62 38 39
51 52 28 27 62 61 37 38
52 53 29 28 61 60 36 37
53 54 30 29 60 59 35 36
54 55 31 30 59 58 34 35
55 56 32 31 58 57 33 34
64 63 39 40 65 66 42 41
63 62 38 39 66 67 43 42 
62 61 37 38 67 68 44 43
61 60 36 37 68 69 45 44
60 59 35 36 69 70 46 45
59 58 34 35 70 71 47 46
58 57 33 34 71 72 48 47
25 26 2 1 40 39 15 16
26 27 3 2 39 38 14 15
27 28 4 3 38 37 13 14
28 29 5 4 37 36 12 13
29 30 6 5 36 35 11 12
30 31 7 6 35 34 10 11
31 32 8 7 34 33 9 10
40 39 15 16 41 42 18 17
39 38 14 15 42 43 19 18
38 37 13 14 43 44 20 19
37 36 12 13 44 45 21 20
36 35 11 12 45 46 22 21 
35 34 10 11 46 47 23 22
34 33 9 10 47 48 24 23 
*BOUNDARY:
num-prescribed-disp: 36
node#-dof#-disp:
1 1 0.0
1 2 0.0
1 3 0.0
16 1 0.0
16 2 0.0
16 3 0.0
17 1 0.0
17 2 0.0
17 3 0.0
25 1 0.0
25 2 0.0
25 3 0.0
40 1 0.0
40 2 0.0
40 3 0.0
41 1 0.0
41 2 0.0
41 3 0.0
49 1 0.0
49 2 0.0
49 3 0.0
64 1 0.0
64 2 0.0
64 3 0.0
65 1 0.0
65 2 0.0
65 3 0.0
73 1 0.0
73 2 0.0
73 3 0.0
88 1 0.0
88 2 0.0
88 3 0.0
89 1 0.0
89 2 0.0
89 3 0.0
num-prescribed-load: 12
node#-trac:
9 -40.0 0.0 0.0
33 -13.3333 0.0 0.0
57 13.3333 0.0 0.0
81 40.0 0.0 0.0
8 -40.0 0.0 0.0
24 -40.0 0.0 0.0
32 -13.3333 0.0 0.0
48 -13.3333 0.0 0.0
56 13.3333 0.0 0.0
72 13.3333 0.0 0.0
80 40.0 0.0 0.0
96 40.0 0.0 0.0