        0.0000000000000000       10.0000000000000000
        0.0000000000000000      -10.0000000000000000
       60.0000000000000000       10.0000000000000000
       60.0000000000000000      -10.0000000000000000
        5.5000000000000000        0.0000000000000000
       11.0000000000000000        0.0000000000000000
       16.5000000000000000        0.0000000000000000
       22.0000000000000000        0.0000000000000000
       27.5000000000000000        0.0000000000000000
       33.0000000000000000        0.0000000000000000
       38.5000000000000000        0.0000000000000000
       44.0000000000000000        0.0000000000000000
       49.5000000000000000        0.0000000000000000
       55.0000000000000000        0.0000000000000000
        0.0000000000000000        0.0000000000000000
       30.0000000000000000        5.0000000000000000
        4.8889877957222128      -10.0000000000000000
        0.0000000000000000       -5.0013144972910801
        4.2874600208667086        5.0080815617115384
        0.0000000000000000        4.9965120487742105
       10.2346053958392069      -10.0000000000000000
        6.5449006525107993       -4.9318062227512813
        9.0984056125884543        5.0020372414410836
        5.5466430210182107       10.0000000000000000
       15.8174255884073673      -10.0000000000000000
       12.6805801952676678       -4.9940229807205352
       14.1922875533421173        4.9934565760539966
       11.0698407583296135       10.0000000000000000
       21.4754654392587234      -10.0000000000000000
       18.5775081279035987       -5.0192657097044755
       19.4250504670497008        4.9879773867657340
       16.5386959226498753       10.0000000000000000
       27.1564048984240252      -10.0000000000000000
       24.3531180477738225       -5.0289134745247948
       24.7132011347846579        4.9815333062931684
       21.9683649407797787       10.0000000000000000
       32.8431658271407514      -10.0000000000000000
       30.0779426145682116       -5.0325667674932850
       35.4110003150124228        4.9799567215474259
       27.3751689857038834       10.0000000000000000
       38.5257260287792107      -10.0000000000000000
       35.8005964146182336       -5.0327186956371364
       40.7508333791105031        4.9807766150876231
       32.7861556034123254       10.0000000000000000
       44.1841709100957019      -10.0000000000000000
       41.5679673736685800       -5.0274920169446471
       45.9807205400808812        4.9842946496411678
       38.1924313666424524       10.0000000000000000
       49.7626119993220541      -10.0000000000000000
       47.4451170111236209       -5.0093796746226431
       51.0233010451184938        4.9526770049678461
       43.6077596709516584       10.0000000000000000
       55.1036866619069272      -10.0000000000000000
       53.5389047211376834       -4.9633227650282645
       55.7384378850263005        5.0682274831013974
       49.0460874043576496       10.0000000000000000
       60.0000000000000000       -5.0802393406479691
       60.0000000000000000       -0.1548317250904547
       60.0000000000000000        4.8618674722822748
       54.5039765177533226       10.0000000000000000
