            20            19             1
            15            19            20
            27            32            28
             1            19            24
            16            44            40
             5            19            15
            15            18             5
             5            18            22
            31            36            32
            31            32            27
            27             7            31
            31             7             8
            39            44            16
            19             5            23
            27            28            23
            28            24            23
            23            24            19
             6            22            26
             6             5            22
             6            23             5
            26             7             6
             6             7            27
            27            23             6
            36            31            35
            35            40            36
            16            40            35
            35            31             8
            35             9            16
             8             9            35
            26            22            21
            21            25            26
            37            41            42
            58            14            57
            16             9            10
            10            39            16
            11            39            10
            10            42            11
            17            21            22
            17            18             2
            22            18            17
             8             7            30
            30             7            26
            26            25            30
            38            33            37
            37            42            38
            38            10             9
            42            10            38
            45            49            50
            13            12            50
            46            41            45
            46            42            41
            45            50            46
            46            50            12
            46            12            11
            11            42            46
             4            57            53
            44            39            48
            56            52            47
            47            12            13
            29            30            25
            55            59             3
             3            60            55
            58            59            55
            55            14            58
            54            57            14
            54            53            57
            54            14            13
            13            50            54
            49            53            54
            54            50            49
            52            48            43
            43            47            52
            43            48            39
            43            39            11
            11            12            43
            12            47            43
            34            29            33
            33            38            34
             8            30            34
            30            29            34
            34             9             8
            34            38             9
            51            60            56
            51            55            60
            56            47            51
            51            47            13
            13            14            51
            14            55            51
