            71            59            70            67           423           478           465           422           421           464
           116           120           119           115           709           708           702           720           705           704
            72            59            71            67           424           480           466           423           421           465
           107           119           120           115           659           660           657           720           704           705
           111           126           123           122           679           677           676           735           733           731
           114           111           126           115           673           697           691           679           674           706
           114           126           119           115           697           693           691           721           706           704
           121           133           114           122           730           694           728           700           734           695
           101            97            98            90           605           608           577           604           575           576
           101           106           105            90           626           625           577           651           581           580
           101           117           105           106           629           625           626           652           654           651
            86            98            97            90           554           553           551           604           576           575
            89            97           101            90           569           570           566           605           575           577
            89           101           105            90           570           571           566           625           577           580
            89            86            97            90           550           569           566           553           551           575
            30            25            38            26           254           282           260           256           252           262
            30            38            25            41           282           254           283           256           317           257
            54            65            57            70           399           395           402           415           450           417
            54            70            59            67           402           397           401           422           464           421
            37            25            38            41           255           310           311           256           257           317
            94           105           106            90           596           597           573           651           580           581
            94            89           105            90           568           596           573           571           566           580
            94           106            95            90           597           595           573           600           581           574
            66            71            70            67           455           454           452           478           465           464
            66            71            82            70           455           462           454           482           478           479
            66            70            54            67           454           400           452           402           464           401
            66            65            54            70           448           400           454           399           450           402
           132           119           116           120           725           713           727           708           720           709
           127           119           126           115           722           746           707           721           704           706
           127           119           131           126           722           750           746           724           721           748
           127           116           119           115           711           722           707           708           702           704
           127           126           111           115           746           680           707           679           706           674
           127           123           111           126           736           680           746           677           735           679
           127           131           119           136           750           722           753           724           761           726
           127           111           116           115           680           711           707           675           674           702
           127           119           132           136           722           751           753           725           726           762
           127           116           132           119           711           751           722           713           708           725
           127           111           123           134           680           736           752           677           681           737
           125           114           133           122           696           744           732           700           695           734
           125           126           114           122           741           696           732           697           733           695
           125           129           114           135           742           696           745           698           758           701
           125           114           129           113           696           742           689           698           685           690
           125           114           121           133           696           729           744           694           700           730
           125           121           114           113           729           696           689           694           688           685
           130           125           114           135           743           699           760           696           745           701
           130           114           125           126           699           743           747           696           697           741
           130           114           129           135           699           757           760           698           701           758
           130           131           119           126           759           723           747           724           748           721
           102           106           101            90           631           624           578           626           581           577
           102           101            98            90           624           609           578           608           577           576
           102           117           101           106           638           624           631           629           654           626
           102           113           101           117           635           624           638           628           686           629
           118           129           113           117           718           687           714           690           715           686
           118           129           114           113           718           692           687           698           690           685
           118           113           102           117           687           639           714           635           686           638
           118           114           102           113           692           639           687           636           685           635
           118           117           102           106           714           639           655           638           654           631
           118           129           130           114           718           719           692           757           698           699
           118           102           107           106           639           658           655           632           631           653
           118           114           119           115           692           716           703           693           691           704
           118           102           114           115           639           692           703           636           637           691
           118           119           114           126           716           692           717           693           721           697
           118           130           119           126           719           716           717           723           747           721
           118           114           130           126           692           719           717           699           697           747
           118           119           107           115           716           658           703           659           704           657
           118           107           102           115           658           639           703           632           657           637
            34            30            46            35           280           303           302           286           281           306
            29            25            30            26           253           274           259           254           252           260
            29            30            25            41           274           253           277           254           283           257
            61            73            66            74           429           428           430           456           486           457
            69            57            65            70           416           449           474           415           417           450
            69            65            66            70           449           453           474           448           450           454
            69            66            82            70           453           477           474           462           454           479
            69            82            66            81           477           453           476           462           535           461
            77            69            66            81           475           458           508           453           476           461
            77            66            69            65           458           475           451           453           448           449
            77            66            61            73           458           431           487           428           456           429
            77            61            66            65           431           458           451           428           427           448
            77            66            82            81           458           509           508           462           461           535
            77            66            73            74           458           487           491           456           457           486
            53            65            54            49           393           390           369           399           373           370
            53            54            65            57           390           393           391           399           395           415
            85            89            86            97           547           546           548           550           569           553
            93            94            89           105           593           567           594           568           596           571
            58            54            70            59           396           419           418           402           397           422
            58            54            57            70           396           414           419           395           402           417
            58            54            53            57           396           392           414           390           395           391
            50            53            54            49           375           376           368           390           369           370
            50            37            53            49           314           375           368           315           313           369
             8            12            24            11           175           179           174           193           188           192
            68            72            71            67           469           468           463           480           466           465
           128           127           132           136           749           754           756           751           753           762
           128           132           127           116           754           749           712           751           713           711
           112           116           111           115           683           672           682           675           702           674
            87            98            86            90           559           549           556           554           576           551
           110           114           121           113           667           669           666           694           685           688
           110           102           114           113           634           667           666           636           635           685
           110           121           114           122           669           667           670           694           728           695
           110           111           114           115           665           667           668           673           674           691
           110           114           102           115           667           634           668           636           691           637
           110           126           111           122           671           665           670           679           733           676
           110           114           126           122           667           671           670           697           695           733
           110           114           111           126           667           665           671           673           697           679
            31            30            34            35           278           288           289           280           281           302
            31            34            23            35           288           247           289           248           302           249
            33            46            30            41           301           279           299           286           334           283
            33            34            30            46           298           279           301           280           303           286
            33            30            29            41           279           275           299           274           283           277
            33            34            29            30           298           275           279           276           280           274
            13            25            29            26           197           199           198           253           252           259
            78            94            93            82           523           522           515           593           539           538
            78            77            66            82           507           459           515           458           509           462
            78            77            82            81           507           515           514           509           508           535
            78            82            93            81           515           522           514           538           535           536
            78            93            77            81           522           507           514           512           536           508
            78            93            94            89           522           523           519           593           567           568
            78            77            93            89           507           522           519           512           511           567
            78            83            94            82           516           523           515           542           537           539
            78            89            94            90           519           523           520           568           566           573
            78            86            89            90           518           519           520           550           551           566
            78            66            77            74           459           507           492           458           457           491
            78            85            89            86           517           519           518           547           546           550
            78            85            77            89           517           507           519           510           547           511
            78            85            86            74           517           518           492           546           494           495
            78            73            85            74           488           517           492           489           486           494
            78            77            73            74           507           488           492           487           491           486
            78            77            85            73           507           517           488           510           487           489
            56            59            72            67           408           413           411           424           421           466
            56            60            72            59           409           413           408           425           420           424
            56            72            68            67           413           412           411           469           466           463
            55            51            54            67           381           394           407           380           386           401
            55            56            51            67           403           381           407           382           411           386
            55            54            59            67           394           405           407           397           401           421
            55            50            54            51           377           394           381           376           374           380
            55            59            56            67           405           403           407           408           421           411
            55            54            58            59           394           404           405           396           397           418
            55            58            47            59           404           363           405           364           418           365
            55            47            60            59           363           406           405           366           365           420
            55            60            56            59           406           403           405           409           420           408
            62            50            54            49           378           398           372           376           368           370
            62            54            65            49           398           433           372           399           370           373
            62            65            61            49           433           426           372           427           373           371
            62            54            66            65           398           434           433           400           399           448
            62            66            61            65           434           426           433           428           448           427
            62            54            50            51           398           378           383           376           380           374
            62            66            54            67           434           398           435           400           452           401
            62            63            66            67           432           434           435           438           439           452
            62            61            66            74           426           434           436           428           430           457
            62            66            63            74           434           432           436           438           457           441
            62            54            51            67           398           383           435           380           401           386
            62            51            63            67           383           432           435           384           386           439
            36            31            23            35           290           250           304           247           289           249
            79            68            71            67           471           481           467           468           463           465
            79            71            66            67           481           460           467           455           465           452
            79            63            68            67           444           471           467           440           439           463
            79            82            66            71           525           460           481           462           482           455
            79            83            82            71           526           525           481           537           483           482
            79            68            63            76           471           444           504           440           470           443
            79            66            63            67           460           444           467           438           452           439
            79            78            66            82           513           460           525           459           515           462
            79            83            78            82           526           513           525           516           537           515
            79            63            66            74           444           460           493           438           441           457
            79            66            78            74           460           513           493           459           457           492
           124           111           112           116           678           684           710           672           675           683
           124           111           127           134           678           738           740           680           681           752
           124           127           111           116           738           678           710           680           711           675
           124           127           128           134           738           739           740           749           752           755
           124           128           127           116           739           738           710           749           712           711
           104           116           112           115           649           647           648           683           702           682
           104           120           116           115           650           649           648           709           705           702
           104           107           120           115           645           650           648           660           657           705
           104           107           108           120           645           646           650           656           660           661
            99           110           102           115           617           614           620           634           668           637
            99           102           110            98           614           617           607           634           609           612
            99           111           110           115           618           617           620           665           674           668
            99           112           111           115           619           618           620           672           682           674
            99           104           112           115           616           619           620           647           648           682
            99           112           104           100           619           616           613           647           623           622
            88            87            92           100           555           564           565           558           561           589
           109           110           121           113           662           664           663           669           666           688
           109           110           102            98           662           633           611           634           612           609
           109           102           110           113           633           662           663           634           635           666
           109           102           101            98           633           627           611           624           609           608
           109           101           102           113           627           633           663           624           628           635
           109            98           101            97           611           627           606           608           604           605
            20            36            23            24           239           234           235           250           251           246
            20            36            31            23           239           237           234           290           250           247
            45            46            33            41           356           300           333           301           334           299
            45            58            53            57           359           357           358           392           414           391
            21            29            33            34           241           242           243           275           276           298
            64            63            68            76           437           446           447           440           443           470
            64            51            56            67           385           410           445           382           386           411
            64            56            68            67           410           446           445           412           411           463
            64            63            51            67           437           385           445           384           439           386
            64            68            63            67           446           437           445           440           463           439
            42            55            50            54           343           340           342           377           394           376
            42            38            30            41           318           284           332           282           317           283
            42            50            53            54           340           341           342           375           376           390
            42            58            55            54           344           343           342           404           396           394
            42            37            38            41           312           318           332           310           311           317
            42            53            37            41           341           312           332           315           335           311
            42            30            46            41           284           338           332           286           283           334
            42            37            50            38           312           340           318           314           310           320
            42            53            50            37           341           340           312           375           315           314
            42            53            58            54           341           344           342           392           390           396
            42            47            58            46           339           344           338           364           360           361
            42            47            55            58           339           343           344           363           364           404
            42            46            45            41           338           337           332           356           334           333
            42            45            53            41           337           341           332           357           333           335
            42            58            45            46           344           337           338           359           361           356
            42            45            58            53           337           344           341           359           357           392
            39            50            55            51           325           328           326           377           374           381
            39            42            50            38           322           325           316           340           318           320
            39            42            55            50           322           328           325           343           340           377
            75            78            86            74           497           500           490           518           492           495
            75            79            78            74           498           497           490           513           493           492
            75            63            79            74           442           498           490           444           441           493
            75            79            63            76           498           442           496           444           504           443
            96           108            92            95           603           588           598           592           602           587
            91            87            86            90           557           552           572           549           556           551
            91            86            78            90           552           521           572           518           551           520
            91            75            79            78           503           528           521           498           497           513
            91            88            75            87           563           503           557           502           555           501
            91            88            87            92           563           557           582           555           564           558
            91            94            95            90           583           584           572           595           573           574
            91            78            94            90           521           583           572           523           520           573
            91            78            79            83           521           528           541           513           516           526
            91            83            96            95           541           585           584           544           543           598
            91            96            92            95           585           582           584           588           598           587
            91            87            75            86           557           503           552           501           549           500
            91            75            78            86           503           521           552           497           500           518
            91            94            83            95           583           541           584           542           595           543
            91            78            83            94           521           541           583           516           523           542
           103            99           102           115           615           630           644           614           620           637
           103           104            99           115           640           615           644           616           648           620
           103           102           107           115           630           642           644           632           637           657
           103           107           104           115           642           640           644           645           657           648
           103           102            98            90           630           610           579           609           578           576
           103           102            99            98           630           615           610           614           609           607
           103           106           102            90           641           630           579           631           581           578
           103           107           102           106           642           630           641           632           653           631
           103            99            87            98           615           562           610           560           607           559
           103            98            87            90           610           562           579           559           576           556
           103            87            91            90           562           586           579           557           556           572
           103            95           106            90           599           641           579           600           574           581
           103           107           106            95           642           641           599           653           601           600
           103            91            95            90           586           599           579           584           572           574
           103            87            99           100           562           615           621           560           561           613
           103            99           104           100           615           640           621           616           613           622
           103            91            87            92           586           562           590           557           582           558
           103           108           107            95           643           642           599           656           602           601
           103           108           104           107           643           640           642           646           656           645
           103            91            92            95           586           590           599           582           584           587
           103            92            87           100           590           562           621           558           589           561
           103           104            92           100           640           590           621           591           622           589
           103            92           108            95           590           643           599           592           587           602
           103           104           108            92           640           643           590           646           591           592
            15            20            16            28           208           205           211           214           236           215
            15            31            20            28           212           208           211           237           271           236
            18            30            31            26           226           227           224           278           260           261
            18            29            30            26           225           226           224           274           259           260
            18            15            14            26           206           202           224           200           209           204
            18            31            15            26           227           206           224           212           261           209
            18            14            13            26           202           196           224           194           204           198
            18            13            29            26           196           225           224           199           198           259
            18            34            31            30           228           227           226           288           280           278
            18            29            34            30           225           228           226           276           274           280
            18            23            34            22           223           228           222           248           244           245
            18            31            34            23           227           228           223           288           247           248
            18            34            21            22           228           221           222           243           245           240
            18            29            21            34           225           221           228           241           276           243
            52            55            56            51           387           388           379           403           381           382
            52            39            55            51           327           387           379           328           326           381
            52            56            64            51           388           389           379           410           382           385
            43            30            42            38           285           336           319           284           282           318
            43            42            39            38           336           323           319           322           318           316
            43            39            42            55           323           336           349           322           328           343
            43            30            31            35           285           291           305           278           281           289
            43            42            30            46           336           285           346           284           338           286
            43            47            42            46           347           336           346           339           360           338
            43            55            42            47           349           336           347           343           363           339
            43            46            30            35           346           285           305           286           306           281
            43            47            46            35           347           346           305           360           307           306
            43            48            47            35           348           347           305           362           308           307
            80            75            88            76           499           531           505           502           496           506
            80            79            75            76           524           499           505           498           504           496
            80            68            79            76           472           524           505           471           470           504
            80            91            75            79           532           499           524           503           528           498
            80            75            91            88           499           532           531           503           502           563
            80            88            91            92           531           532           533           563           564           582
            80            91            96            92           532           534           533           585           582           588
            80            91            79            83           532           524           529           528           541           526
            80            96            91            83           534           532           529           585           544           541
            27            31            15            28           265           210           263           212           271           211
            27            15            31            26           210           265           258           212           209           261
            27            31            30            26           265           264           258           278           261           260
            27            31            43            30           265           270           264           291           278           285
            27            43            39            38           270           268           267           323           319           316
            27            30            38            26           264           267           258           282           260           262
            27            30            43            38           264           270           267           285           282           319
            19             3            15            16           154           207           213           152           153           205
            19             3            16             4           154           213           158           153           148           157
            19            16             8             4           213           177           158           176           157           156
            19            15            20            16           207           229           213           208           205           214
            19            14            15             3           203           207           154           200           151           152
            19            20             8            16           229           177           213           178           214           176
            19            20            15            31           229           207           233           208           237           212
            19            14             3             2           203           154           147           151           145           142
            19            18            15            14           220           207           203           206           202           200
            19             8            20            24           177           229           232           178           179           235
            19            20            31            23           229           233           231           237           234           247
            19            15            18            31           207           220           233           206           212           227
            19             7             8            11           173           177           189           170           172           174
            19             8            24            11           177           232           189           179           174           192
            19            20            23            24           229           231           232           234           235           246
            19            31            18            23           233           220           231           227           247           223
            19            24            23            11           232           231           189           246           192           191
            19            23            18            22           231           220           230           223           244           222
            19            23            22            11           231           230           189           244           191           190
            19            10             7            11           186           173           189           171           184           172
            19            22            10            11           230           186           189           187           190           184
            17            18            13            29           216           195           219           196           225           199
            17            21            18            29           217           216           219           221           241           225
            17            13            14             1           195           201           141           194           139           140
            17            18            14            13           216           201           195           202           196           194
            17            14             2             1           201           146           141           145           140           137
            17            22            21             9           218           217           181           240           183           182
            17            18            21            22           216           217           218           221           222           240
            17            10            22             9           185           218           181           187           180           183
            44            52            39            55           352           324           353           327           387           328
            44            39            43            55           324           345           353           323           328           349
            44            52            55            56           352           353           354           387           388           403
            44            56            55            60           354           353           355           403           409           406
            44            55            47            60           353           350           355           363           406           366
            44            55            43            47           353           345           350           349           363           347
            44            47            48            60           350           351           355           362           366           367
            44            43            48            47           345           351           350           348           347           362
            32            36            48            35           293           297           292           309           304           308
            32            48            43            35           297           295           292           348           308           305
            32            31            36            35           287           293           292           290           289           304
            32            43            31            35           295           287           292           291           305           289
            32            44            43            48           296           295           297           345           351           348
            32            20            36            31           238           293           287           239           237           290
            32            20            31            28           238           287           272           237           236           271
            32            31            27            28           287           266           272           265           271           263
            32            43            27            31           295           266           287           270           291           265
            84            68            72            71           473           485           484           469           468           480
            84            79            68            71           527           473           484           471           481           468
            84            79            80            68           527           530           473           524           471           472
            84            96            80            83           545           530           540           534           544           529
            84            83            79            71           540           527           484           526           483           481
            84            80            79            83           530           527           540           524           529           526
             6            19            10             7           168           164           163           186           173           171
             6            14            19             2           165           168           144           203           145           147
             6            18            19            14           167           168           165           220           202           203
             6            10            19            22           164           168           169           186           187           230
             6            19            18            22           168           167           169           220           230           222
             6            17            14             2           166           165           144           201           146           145
             6            17            18            14           166           167           165           216           201           202
             6            17            10            22           166           164           169           185           218           187
             6            18            17            22           167           166           169           216           222           218
            40            44            52            39           330           331           321           352           324           327
            40            32            27            28           294           269           273           266           272           263
            40            27            32            43           269           294           329           266           270           295
            40            32            44            43           294           330           329           296           295           345
            40            27            43            39           269           329           321           270           268           323
            40            43            44            39           329           330           321           345           323           324
             5            10            17             9           161           162           160           185           180           181
             5             6            17            10           159           162           161           166           164           185
            19             7             3             4           173           154           158           150           155           148
            19             8             7             4           177           173           158           170           156           155
             6             3            19             7           149           168           163           154           150           173
             6            19             3             2           168           149           144           154           147           142
             5            17             2             1           162           143           138           146           141           137
             5            17             6             2           162           159           143           166           146           144
