            71            59            70            67
           116           120           119           115
            72            59            71            67
           107           119           120           115
           111           126           123           122
           114           111           126           115
           114           126           119           115
           121           133           114           122
           101            97            98            90
           101           106           105            90
           101           117           105           106
            86            98            97            90
            89            97           101            90
            89           101           105            90
            89            86            97            90
            30            25            38            26
            30            38            25            41
            54            65            57            70
            54            70            59            67
            37            25            38            41
            94           105           106            90
            94            89           105            90
            94           106            95            90
            66            71            70            67
            66            71            82            70
            66            70            54            67
            66            65            54            70
           132           119           116           120
           127           119           126           115
           127           119           131           126
           127           116           119           115
           127           126           111           115
           127           123           111           126
           127           131           119           136
           127           111           116           115
           127           119           132           136
           127           116           132           119
           127           111           123           134
           125           114           133           122
           125           126           114           122
           125           129           114           135
           125           114           129           113
           125           114           121           133
           125           121           114           113
           130           125           114           135
           130           114           125           126
           130           114           129           135
           130           131           119           126
           102           106           101            90
           102           101            98            90
           102           117           101           106
           102           113           101           117
           118           129           113           117
           118           129           114           113
           118           113           102           117
           118           114           102           113
           118           117           102           106
           118           129           130           114
           118           102           107           106
           118           114           119           115
           118           102           114           115
           118           119           114           126
           118           130           119           126
           118           114           130           126
           118           119           107           115
           118           107           102           115
            34            30            46            35
            29            25            30            26
            29            30            25            41
            61            73            66            74
            69            57            65            70
            69            65            66            70
            69            66            82            70
            69            82            66            81
            77            69            66            81
            77            66            69            65
            77            66            61            73
            77            61            66            65
            77            66            82            81
            77            66            73            74
            53            65            54            49
            53            54            65            57
            85            89            86            97
            93            94            89           105
            58            54            70            59
            58            54            57            70
            58            54            53            57
            50            53            54            49
            50            37            53            49
             8            12            24            11
            68            72            71            67
           128           127           132           136
           128           132           127           116
           112           116           111           115
            87            98            86            90
           110           114           121           113
           110           102           114           113
           110           121           114           122
           110           111           114           115
           110           114           102           115
           110           126           111           122
           110           114           126           122
           110           114           111           126
            31            30            34            35
            31            34            23            35
            33            46            30            41
            33            34            30            46
            33            30            29            41
            33            34            29            30
            13            25            29            26
            78            94            93            82
            78            77            66            82
            78            77            82            81
            78            82            93            81
            78            93            77            81
            78            93            94            89
            78            77            93            89
            78            83            94            82
            78            89            94            90
            78            86            89            90
            78            66            77            74
            78            85            89            86
            78            85            77            89
            78            85            86            74
            78            73            85            74
            78            77            73            74
            78            77            85            73
            56            59            72            67
            56            60            72            59
            56            72            68            67
            55            51            54            67
            55            56            51            67
            55            54            59            67
            55            50            54            51
            55            59            56            67
            55            54            58            59
            55            58            47            59
            55            47            60            59
            55            60            56            59
            62            50            54            49
            62            54            65            49
            62            65            61            49
            62            54            66            65
            62            66            61            65
            62            54            50            51
            62            66            54            67
            62            63            66            67
            62            61            66            74
            62            66            63            74
            62            54            51            67
            62            51            63            67
            36            31            23            35
            79            68            71            67
            79            71            66            67
            79            63            68            67
            79            82            66            71
            79            83            82            71
            79            68            63            76
            79            66            63            67
            79            78            66            82
            79            83            78            82
            79            63            66            74
            79            66            78            74
           124           111           112           116
           124           111           127           134
           124           127           111           116
           124           127           128           134
           124           128           127           116
           104           116           112           115
           104           120           116           115
           104           107           120           115
           104           107           108           120
            99           110           102           115
            99           102           110            98
            99           111           110           115
            99           112           111           115
            99           104           112           115
            99           112           104           100
            88            87            92           100
           109           110           121           113
           109           110           102            98
           109           102           110           113
           109           102           101            98
           109           101           102           113
           109            98           101            97
            20            36            23            24
            20            36            31            23
            45            46            33            41
            45            58            53            57
            21            29            33            34
            64            63            68            76
            64            51            56            67
            64            56            68            67
            64            63            51            67
            64            68            63            67
            42            55            50            54
            42            38            30            41
            42            50            53            54
            42            58            55            54
            42            37            38            41
            42            53            37            41
            42            30            46            41
            42            37            50            38
            42            53            50            37
            42            53            58            54
            42            47            58            46
            42            47            55            58
            42            46            45            41
            42            45            53            41
            42            58            45            46
            42            45            58            53
            39            50            55            51
            39            42            50            38
            39            42            55            50
            75            78            86            74
            75            79            78            74
            75            63            79            74
            75            79            63            76
            96           108            92            95
            91            87            86            90
            91            86            78            90
            91            75            79            78
            91            88            75            87
            91            88            87            92
            91            94            95            90
            91            78            94            90
            91            78            79            83
            91            83            96            95
            91            96            92            95
            91            87            75            86
            91            75            78            86
            91            94            83            95
            91            78            83            94
           103            99           102           115
           103           104            99           115
           103           102           107           115
           103           107           104           115
           103           102            98            90
           103           102            99            98
           103           106           102            90
           103           107           102           106
           103            99            87            98
           103            98            87            90
           103            87            91            90
           103            95           106            90
           103           107           106            95
           103            91            95            90
           103            87            99           100
           103            99           104           100
           103            91            87            92
           103           108           107            95
           103           108           104           107
           103            91            92            95
           103            92            87           100
           103           104            92           100
           103            92           108            95
           103           104           108            92
            15            20            16            28
            15            31            20            28
            18            30            31            26
            18            29            30            26
            18            15            14            26
            18            31            15            26
            18            14            13            26
            18            13            29            26
            18            34            31            30
            18            29            34            30
            18            23            34            22
            18            31            34            23
            18            34            21            22
            18            29            21            34
            52            55            56            51
            52            39            55            51
            52            56            64            51
            43            30            42            38
            43            42            39            38
            43            39            42            55
            43            30            31            35
            43            42            30            46
            43            47            42            46
            43            55            42            47
            43            46            30            35
            43            47            46            35
            43            48            47            35
            80            75            88            76
            80            79            75            76
            80            68            79            76
            80            91            75            79
            80            75            91            88
            80            88            91            92
            80            91            96            92
            80            91            79            83
            80            96            91            83
            27            31            15            28
            27            15            31            26
            27            31            30            26
            27            31            43            30
            27            43            39            38
            27            30            38            26
            27            30            43            38
            19             3            15            16
            19             3            16             4
            19            16             8             4
            19            15            20            16
            19            14            15             3
            19            20             8            16
            19            20            15            31
            19            14             3             2
            19            18            15            14
            19             8            20            24
            19            20            31            23
            19            15            18            31
            19             7             8            11
            19             8            24            11
            19            20            23            24
            19            31            18            23
            19            24            23            11
            19            23            18            22
            19            23            22            11
            19            10             7            11
            19            22            10            11
            17            18            13            29
            17            21            18            29
            17            13            14             1
            17            18            14            13
            17            14             2             1
            17            22            21             9
            17            18            21            22
            17            10            22             9
            44            52            39            55
            44            39            43            55
            44            52            55            56
            44            56            55            60
            44            55            47            60
            44            55            43            47
            44            47            48            60
            44            43            48            47
            32            36            48            35
            32            48            43            35
            32            31            36            35
            32            43            31            35
            32            44            43            48
            32            20            36            31
            32            20            31            28
            32            31            27            28
            32            43            27            31
            84            68            72            71
            84            79            68            71
            84            79            80            68
            84            96            80            83
            84            83            79            71
            84            80            79            83
             6            19            10             7
             6            14            19             2
             6            18            19            14
             6            10            19            22
             6            19            18            22
             6            17            14             2
             6            17            18            14
             6            17            10            22
             6            18            17            22
            40            44            52            39
            40            32            27            28
            40            27            32            43
            40            32            44            43
            40            27            43            39
            40            43            44            39
             5            10            17             9
             5             6            17            10
            19             7             3             4
            19             8             7             4
             6             3            19             7
             6            19             3             2
             5            17             2             1
             5            17             6             2
