        0.0000000000000000        0.0000000000000000        0.0000000000000000
        0.0000000000000000        0.0000000000000000        2.0000000000000000
        0.0000000000000000        0.0000000000000000        4.0000000000000000
        0.0000000000000000        0.0000000000000000        6.0000000000000000
        0.0000000000000000        2.0000000000000000        0.0000000000000000
        0.0000000000000000        2.0000000000000000        2.0000000000000000
        0.0000000000000000        2.0000000000000000        4.0000000000000000
        0.0000000000000000        2.0000000000000000        6.0000000000000000
       -0.0551900284323295        4.0000000000000000        0.0000000000000000
        0.0000000000000000        4.0000000000000000        1.9719851012899288
        0.0000000000000000        4.0000000000000000        4.0277174801379054
        0.0000000000000000        4.0000000000000000        6.0668193514690092
        2.1706777942184479        0.0000000000000000        0.0000000000000000
        1.5888781257409106        0.0000000000000000        2.0328879195886889
        2.2459876146757489        0.0000000000000000        4.0239002152045860
        1.6510761716897737        0.0000000000000000        6.0000000000000000
        1.5803360095271317        2.0066283503487705        0.0000000000000000
        2.2701377962689149        1.9988420000791562        1.9664154641759128
        1.5376449135355768        2.0032924150048448        3.9500273395374235
        2.2223164763875132        1.9999286021951752        6.0000000000000000
        2.1509907743969685        4.0000000000000000        0.0000000000000000
        1.5700429332038031        4.0000000000000000        2.0428087929886587
        2.2518339645501717        4.0000000000000000        4.0240263559371945
        1.6578866351379498        4.0000000000000000        6.0000000000000000
        4.3033490858355758        0.0000000000000000        0.0000000000000000
        3.5047166571973802        0.0000000000000000        2.0068955314261308
        4.4264950758580301        0.0000000000000000        3.9905605650313816
        3.5646662077956357        0.0000000000000000        6.0000000000000000
        3.4996066809812878        2.0004447616155367        0.0000000000000000
        4.4490731746903194        2.0018609003149828        2.0217654874420892
        3.4714362487835726        1.9972639191071271        4.0023947677555096
        4.3974278806363980        1.9994871546759039        6.0000000000000000
        4.2878796227411122        4.0000000000000000        0.0000000000000000
        3.4925918014446782        4.0000000000000000        1.9995250075705535
        4.4258058061302981        4.0000000000000000        3.9855034592840211
        3.5693579323363451        4.0000000000000000        6.0000000000000000
        6.3848915925545411        0.0000000000000000        0.0000000000000000
        5.5548318649305903        0.0000000000000000        1.9998874447757269
        6.5625094763291782        0.0000000000000000        3.9961193319862622
        5.5670460178807852        0.0000000000000000        6.0000000000000000
        5.5250919905647260        2.0002714295829445        0.0000000000000000
        6.5861265556895816        2.0002332161191845        1.9916703538350882
        5.5499699834971272        2.0001591703186885        4.0108855115017743
        6.5299700680861203        1.9998460303671655        6.0000000000000000
        6.3689314727048263        4.0000000000000000        0.0000000000000000
        5.5492452224125248        4.0000000000000000        1.9985180711913098
        6.5611693744060862        4.0000000000000000        3.9957984732320013
        5.5676217740007816        4.0000000000000000        6.0000000000000000
        8.3896168870024752        0.0000000000000000        0.0000000000000000
        7.6578514311911974        0.0000000000000000        2.0237943699169536
        8.6955414980781196        0.0000000000000000        4.0108696693320356
        7.6110339314271664        0.0000000000000000        6.0000000000000000
        7.6257498162200932        1.9991004754342776        0.0000000000000000
        8.7376126686424254        2.0007006512382253        1.9489330614829175
        7.6601405601560177        1.9999845200229451        3.9649891365348076
        8.6240764492122182        1.9997480817666984        6.0000000000000000
        8.3653922891474384        4.0000000000000000        0.0000000000000000
        7.6544073933245356        4.0000000000000000        2.0243582170225198
        8.6943844215942097        4.0000000000000000        4.0097562939776585
        7.6106020259513159        4.0000000000000000        6.0000000000000000
       10.2580104147072575        0.0000000000000000        0.0000000000000000
        9.7947478932556731        0.0000000000000000        2.0380857641726520
       10.8369900922087030        0.0000000000000000        3.9968496091440961
        9.6739726928789374        0.0000000000000000        6.0000000000000000
        9.7954329124330730        2.0007561509231508        0.0000000000000000
       10.9083223659932429        2.0003862998257507        1.9560575897210899
        9.7801285243067557        1.9997411499879525        3.9499010599876998
       10.7053289394936542        1.9999860087987560        6.0000000000000000
       10.2159902266489766        4.0000000000000000        0.0000000000000000
        9.7945712564279823        4.0000000000000000        2.0369736113449566
       10.8349742091482089        4.0000000000000000        3.9974180541511681
        9.6722829107950403        4.0000000000000000        6.0000000000000000
       11.8746339464344821        0.0000000000000000        0.0000000000000000
       11.9705468076942569        0.0000000000000000        2.0098661883587465
       12.9759723539687624        0.0000000000000000        3.9753011252221455
       11.7277184414287650        0.0000000000000000        6.0000000000000000
       11.9931385716460959        1.9961448403001867        0.0000000000000000
       13.0957000164535682        2.0001716853367526        1.9815777219435342
       11.9242592501310174        2.0002121665515187        3.9636354036585755
       12.7877790680312469        1.9998378702823878        6.0000000000000000
       11.8283977336310038        4.0000000000000000        0.0000000000000000
       11.9720281389278753        4.0000000000000000        2.0143485173881648
       12.9752995965075346        4.0000000000000000        3.9758355525926006
       11.7257528757168323        4.0000000000000000        6.0000000000000000
       13.5580761635952705        0.0000000000000000        0.0000000000000000
       14.1831592181928325        0.0000000000000000        2.0146828319905015
       15.1239013937920035        0.0000000000000000        3.9543098031213018
       13.7522892335342277        0.0000000000000000        6.0000000000000000
       14.2177697797984592        2.0015857094579261        0.0000000000000000
       15.2747106544322726        1.9997287697704142        2.0762178351608935
       14.1014911670209298        1.9996667344880770        4.0218742352303050
       14.8917795959232588        2.0000661223750291        6.0000000000000000
       13.5315667924067391        4.0000000000000000        0.0000000000000000
       14.1831171735342370        4.0000000000000000        2.0126046912215898
       15.1217475736555613        4.0000000000000000        3.9532391403991354
       13.7497886205766005        4.0000000000000000        6.0000000000000000
       15.4529594089013003        0.0000000000000000        0.0000000000000000
       16.4117539055411399        0.0000000000000000        1.9802601367195742
       17.2346272636927722        0.0000000000000000        3.9452305982188975
       15.7136742659861088        0.0000000000000000        6.0000000000000000
       16.3747735262272798        2.0011540629263997        0.0000000000000000
       17.4154550159663479        2.0000121141875091        2.0471072294233608
       16.3666516429953504        1.9999210797097922        4.0871601754140343
       17.0084852149469050        2.0002473383760120        6.0000000000000000
       15.4401981524623206        4.0000000000000000        0.0000000000000000
       16.4107506286437967        4.0000000000000000        1.9780732658345395
       17.2315807772263483        4.0000000000000000        3.9439477127487934
       15.7108772830158667        4.0000000000000000        6.0000000000000000
       17.4327704033859519        0.0000000000000000        0.0000000000000000
       18.6917241177403177        0.0000000000000000        2.0734408853300943
       19.2652730720993439        0.0000000000000000        4.0579123639537960
       17.5637674350769366        0.0000000000000000        6.0000000000000000
       18.5456825576115882        2.0007258147366973        0.0000000000000000
       19.5423534017033660        1.9998850730539537        1.5935802431512542
       18.7192998361117766        2.0003051839801418        3.7805108412911892
       18.9935032885231010        2.0004301546274861        6.0000000000000000
       17.4273284159377084        4.0000000000000000        0.0000000000000000
       18.6910896019850696        4.0000000000000000        2.0729244267703479
       19.2625663899358308        4.0000000000000000        4.0584300371676960
       17.5612967302948277        4.0000000000000000        6.0000000000000000
       19.3263477834649251        0.0000000000000000        0.0000000000000000
       21.0000000000000000        0.0000000000000000        1.8917316033892644
       21.0000000000000000        0.0000000000000000        3.9082572446474861
       19.3341950700174436        0.0000000000000000        6.0000000000000000
       21.0000000000000000        2.0039478067683159        0.0000000000000000
       21.0000000000000000        2.0003726981925523        2.4801991142624660
       21.0000000000000000        1.9997089671987158        4.3809675017682954
       21.0000000000000000        2.0002315121970273        6.0000000000000000
       19.3245050532890694        4.0000000000000000        0.0000000000000000
       21.0000000000000000        4.0000000000000000        1.8956179292219111
       21.0000000000000000        4.0000000000000000        3.9084270263525092
       19.3332949496043653        4.0000000000000000        6.0000000000000000
       21.0000000000000000       -0.0639572151077871        0.0000000000000000
       21.0000000000000000       -0.0659425979840129        6.0000000000000000
       21.0000000000000000        4.0000000000000000       -0.0744936988895034
       21.0000000000000000        4.0659621717403072        6.0000000000000000
