        0.000000        0.000000        0.000000
        0.000000        0.000000        2.000000
        0.000000        0.000000        4.000000
        0.000000        0.000000        6.000000
        0.000000        2.000000        0.000000
        0.000000        2.000000        2.000000
        0.000000        2.000000        4.000000
        0.000000        2.000000        6.000000
       -0.055190        4.000000        0.000000
        0.000000        4.000000        1.971985
        0.000000        4.000000        4.027717
        0.000000        4.000000        6.066819
        2.170678        0.000000        0.000000
        1.588878        0.000000        2.032888
        2.245988        0.000000        4.023900
        1.651076        0.000000        6.000000
        1.580336        2.006628        0.000000
        2.270138        1.998842        1.966415
        1.537645        2.003292        3.950027
        2.222316        1.999929        6.000000
        2.150991        4.000000        0.000000
        1.570043        4.000000        2.042809
        2.251834        4.000000        4.024026
        1.657887        4.000000        6.000000
        4.303349        0.000000        0.000000
        3.504717        0.000000        2.006896
        4.426495        0.000000        3.990561
        3.564666        0.000000        6.000000
        3.499607        2.000445        0.000000
        4.449073        2.001861        2.021765
        3.471436        1.997264        4.002395
        4.397428        1.999487        6.000000
        4.287880        4.000000        0.000000
        3.492592        4.000000        1.999525
        4.425806        4.000000        3.985503
        3.569358        4.000000        6.000000
        6.384892        0.000000        0.000000
        5.554832        0.000000        1.999887
        6.562509        0.000000        3.996119
        5.567046        0.000000        6.000000
        5.525092        2.000271        0.000000
        6.586127        2.000233        1.991670
        5.549970        2.000159        4.010886
        6.529970        1.999846        6.000000
        6.368931        4.000000        0.000000
        5.549245        4.000000        1.998518
        6.561169        4.000000        3.995798
        5.567622        4.000000        6.000000
        8.389617        0.000000        0.000000
        7.657851        0.000000        2.023794
        8.695541        0.000000        4.010870
        7.611034        0.000000        6.000000
        7.625750        1.999100        0.000000
        8.737613        2.000701        1.948933
        7.660141        1.999985        3.964989
        8.624076        1.999748        6.000000
        8.365392        4.000000        0.000000
        7.654407        4.000000        2.024358
        8.694384        4.000000        4.009756
        7.610602        4.000000        6.000000
       10.258010        0.000000        0.000000
        9.794748        0.000000        2.038086
       10.836990        0.000000        3.996850
        9.673973        0.000000        6.000000
        9.795433        2.000756        0.000000
       10.908322        2.000386        1.956058
        9.780129        1.999741        3.949901
       10.705329        1.999986        6.000000
       10.215990        4.000000        0.000000
        9.794571        4.000000        2.036974
       10.834974        4.000000        3.997418
        9.672283        4.000000        6.000000
       11.874634        0.000000        0.000000
       11.970547        0.000000        2.009866
       12.975972        0.000000        3.975301
       11.727718        0.000000        6.000000
       11.993139        1.996145        0.000000
       13.095700        2.000172        1.981578
       11.924259        2.000212        3.963635
       12.787779        1.999838        6.000000
       11.828398        4.000000        0.000000
       11.972028        4.000000        2.014349
       12.975300        4.000000        3.975836
       11.725753        4.000000        6.000000
       13.558076        0.000000        0.000000
       14.183159        0.000000        2.014683
       15.123901        0.000000        3.954310
       13.752289        0.000000        6.000000
       14.217770        2.001586        0.000000
       15.274711        1.999729        2.076218
       14.101491        1.999667        4.021874
       14.891780        2.000066        6.000000
       13.531567        4.000000        0.000000
       14.183117        4.000000        2.012605
       15.121748        4.000000        3.953239
       13.749789        4.000000        6.000000
       15.452959        0.000000        0.000000
       16.411754        0.000000        1.980260
       17.234627        0.000000        3.945231
       15.713674        0.000000        6.000000
       16.374774        2.001154        0.000000
       17.415455        2.000012        2.047107
       16.366652        1.999921        4.087160
       17.008485        2.000247        6.000000
       15.440198        4.000000        0.000000
       16.410751        4.000000        1.978073
       17.231581        4.000000        3.943948
       15.710877        4.000000        6.000000
       17.432770        0.000000        0.000000
       18.691724        0.000000        2.073441
       19.265273        0.000000        4.057912
       17.563767        0.000000        6.000000
       18.545683        2.000726        0.000000
       19.542353        1.999885        1.593580
       18.719300        2.000305        3.780511
       18.993503        2.000430        6.000000
       17.427328        4.000000        0.000000
       18.691090        4.000000        2.072924
       19.262566        4.000000        4.058430
       17.561297        4.000000        6.000000
       19.326348        0.000000        0.000000
       21.000000        0.000000        1.891732
       21.000000        0.000000        3.908257
       19.334195        0.000000        6.000000
       21.000000        2.003948        0.000000
       21.000000        2.000373        2.480199
       21.000000        1.999709        4.380968
       21.000000        2.000232        6.000000
       19.324505        4.000000        0.000000
       21.000000        4.000000        1.895618
       21.000000        4.000000        3.908427
       19.333295        4.000000        6.000000
       21.000000       -0.063957        0.000000
       21.000000       -0.065943        6.000000
       21.000000        4.000000       -0.074494
       21.000000        4.065962        6.000000
        0.000000        0.000000        1.000000
        0.000000        1.000000        0.000000
        1.085339        0.000000        0.000000
        0.794439        0.000000        1.016444
        0.790168        1.003314        0.000000
        0.000000        0.000000        3.000000
        0.000000        1.000000        1.000000
        0.000000        1.000000        2.000000
        0.794439        0.000000        2.016444
        0.790168        1.003314        1.000000
        0.768822        1.001646        2.975014
        0.000000        0.000000        5.000000
        0.000000        1.000000        3.000000
        0.000000        1.000000        4.000000
        0.794439        0.000000        3.016444
        1.122994        0.000000        4.011950
        0.825538        0.000000        5.000000
        0.768822        1.001646        3.975014
        0.000000        1.000000        5.000000
        0.000000        1.000000        6.000000
        0.825538        0.000000        6.000000
        0.768822        1.001646        4.975014
        0.000000        2.000000        1.000000
       -0.027595        3.000000        0.000000
        0.000000        3.000000        0.985993
        0.790168        2.003314        0.000000
        0.000000        2.000000        3.000000
        0.000000        3.000000        1.985993
        0.794439        1.000000        2.016444
        0.790168        2.003314        1.000000
        1.135069        1.999421        1.983208
        0.768822        2.001646        2.975014
        0.785021        3.000000        2.021404
        0.000000        2.000000        5.000000
        0.000000        3.000000        2.985993
        0.000000        3.000000        4.013859
        0.768822        2.001646        3.975014
        0.000000        3.000000        5.013859
        0.000000        3.000000        6.033410
        0.825538        1.000000        6.000000
        0.768822        2.001646        4.975014
        1.111158        1.999964        6.000000
        0.828943        3.000000        6.000000
       -0.027595        4.000000        0.985993
        0.762573        3.003314        0.000000
        1.047900        4.000000        0.000000
        0.757426        4.000000        1.021404
        0.000000        4.000000        2.999851
        0.790168        3.003314        0.985993
        0.768822        3.001646        2.961006
        0.785021        4.000000        2.007397
        0.000000        4.000000        5.047268
        0.768822        3.001646        3.988872
        0.785021        4.000000        3.035263
        1.125917        4.000000        4.025872
        0.828943        4.000000        5.013859
        0.828943        4.000000        6.033410
        1.879778        0.000000        1.016444
        1.875507        1.003314        0.000000
        2.220408        0.999421        0.983208
        3.237013        0.000000        0.000000
        2.837697        0.000000        1.003448
        2.835142        1.000222        0.000000
        1.917433        0.000000        3.028394
        1.584607        1.003314        1.016444
        1.929508        0.999421        1.999652
        1.563262        1.001646        2.991458
        2.546797        0.000000        2.019892
        1.948532        0.000000        5.011950
        2.258063        0.999421        2.995158
        1.891816        1.001646        3.986964
        2.234152        0.999964        5.011950
        2.875352        0.000000        3.015398
        3.336241        0.000000        4.007230
        2.905327        0.000000        5.011950
        2.858712        0.998632        4.013147
        1.594361        1.001646        4.975014
        1.936696        0.999964        6.000000
        2.607871        0.000000        6.000000
        1.925237        2.002735        0.983208
        1.865663        3.003314        0.000000
        1.575189        3.003314        1.021404
        2.539971        2.003537        0.000000
        1.903891        2.001067        2.958221
        2.210564        2.999421        0.983208
        1.920090        2.999421        2.004612
        2.260986        2.999421        2.995221
        2.887427        0.999421        1.986655
        2.884872        1.999643        0.983208
        3.359605        2.000351        1.994090
        2.870787        1.998053        2.984405
        2.881365        2.999421        1.982970
        1.879981        2.001611        4.975014
        1.553844        3.001646        2.996418
        1.894739        3.001646        3.987027
        1.597766        3.001646        4.975014
        2.504541        2.000278        3.976211
        2.237075        2.999964        5.012013
        1.940102        2.999964        6.000000
        2.893491        0.999964        6.000000
        2.846876        1.998596        5.001197
        3.309872        1.999708        6.000000
        2.895837        2.999964        6.000000
        1.860517        4.000000        1.021404
        2.825299        3.000222        0.000000
        3.219435        4.000000        0.000000
        2.821791        4.000000        0.999763
        1.910938        4.000000        3.033418
        2.531317        4.000000        2.021167
        1.954860        4.000000        5.012013
        2.861635        2.998632        4.013211
        2.872213        4.000000        3.011776
        3.338820        4.000000        4.004765
        2.910596        4.000000        5.012013
        2.613622        4.000000        6.000000
        3.904033        0.000000        1.003448
        3.901478        1.000222        0.000000
        4.376211        1.000930        1.010883
        5.344120        0.000000        0.000000
        4.929090        0.000000        0.999944
        4.914221        1.000136        0.000000
        3.965606        0.000000        2.998728
        3.502162        1.000222        1.003448
        3.976895        1.000930        2.014331
        3.488076        0.998632        3.004645
        4.529774        0.000000        2.003391
        3.995581        0.000000        4.995280
        4.437784        1.000930        3.006163
        3.948966        0.998632        3.996478
        4.411961        0.999744        4.995280
        4.990663        0.000000        2.995224
        5.494502        0.000000        3.993340
        4.996771        0.000000        4.995280
        4.988233        1.000080        4.000723
        3.518051        0.998632        5.001197
        3.981047        0.999744        6.000000
        4.565856        0.000000        6.000000
        3.974340        2.001153        1.010883
        3.893743        3.000222        0.000000
        3.496099        3.000222        0.999763
        4.512349        2.000358        0.000000
        3.960255        1.999562        3.012080
        4.368476        3.000930        1.010883
        3.970832        3.000930        2.010645
        4.437439        3.000930        3.003634
        5.001953        1.000930        2.010826
        4.987083        2.001066        1.010883
        5.517600        2.001047        2.006718
        4.999522        2.001010        3.016325
        4.999159        3.000930        2.010142
        3.934432        1.998376        5.001197
        3.482014        2.998632        3.000960
        3.948621        2.998632        3.993949
        3.520397        2.998632        5.001197
        4.510703        1.998712        4.006640
        4.411617        2.999744        4.992752
        3.983393        2.999744        6.000000
        4.982237        0.999744        6.000000
        4.973699        1.999823        5.005443
        5.463699        1.999667        6.000000
        4.982525        2.999744        6.000000
        3.890236        4.000000        0.999763
        4.906486        3.000136        0.000000
        5.328406        4.000000        0.000000
        4.918562        4.000000        0.999259
        3.959199        4.000000        2.992514
        4.520919        4.000000        1.999022
        3.997582        4.000000        4.992752
        4.987888        3.000080        3.998194
        4.987526        4.000000        2.992011
        5.493488        4.000000        3.990651
        4.996714        4.000000        4.992752
        4.568490        4.000000        6.000000
        5.969862        0.000000        0.999944
        5.954992        1.000136        0.000000
        6.485509        1.000117        0.995835
        7.387254        0.000000        0.000000
        7.021372        0.000000        1.011897
        7.005321        0.999550        0.000000
        6.058671        0.000000        2.998003
        5.539962        1.000136        0.999944
        6.070479        1.000117        1.995779
        5.552401        1.000080        3.005386
        6.606342        0.000000        2.011841
        6.064778        0.000000        4.998060
        6.574318        1.000117        2.993895
        6.056240        1.000080        4.003502
        6.546240        0.999923        4.998060
        7.110180        0.000000        3.009957
        7.629025        0.000000        4.003495
        7.086772        0.000000        4.998060
        7.111325        0.999992        3.980554
        5.558508        1.000080        5.005443
        6.048508        0.999923        6.000000
        6.589040        0.000000        6.000000
        6.055609        2.000252        0.995835
        5.947012        3.000136        0.000000
        5.537169        3.000136        0.999259
        6.575421        1.999686        0.000000
        6.068048        2.000196        3.001278
        6.477529        3.000117        0.995835
        6.067686        3.000117        1.995094
        6.573648        3.000117        2.993734
        7.121989        1.000117        2.007732
        7.105938        1.999667        0.995835
        7.661870        2.000467        1.970302
        7.123134        2.000109        2.978330
        7.120267        3.000117        2.008014
        6.039970        2.000003        5.005443
        5.549608        3.000080        3.004702
        6.055570        3.000080        4.003342
        5.558796        3.000080        5.005443
        6.605055        2.000072        3.987937
        6.545570        2.999923        4.997899
        6.048796        2.999923        6.000000
        7.070502        0.999923        6.000000
        7.095055        1.999915        4.982495
        7.577023        1.999797        6.000000
        7.070286        2.999923        6.000000
        5.959088        4.000000        0.999259
        6.997341        2.999550        0.000000
        7.367162        4.000000        0.000000
        7.011669        4.000000        1.012179
        6.055207        4.000000        2.997158
        6.601826        4.000000        2.011438
        6.064396        4.000000        4.997899
        7.110655        2.999992        3.980394
        7.107788        4.000000        3.010078
        7.627777        4.000000        4.002777
        7.085886        4.000000        4.997899
        6.589112        4.000000        6.000000
        8.023734        0.000000        1.011897
        8.007683        0.999550        0.000000
        8.563615        1.000350        0.974467
        9.323814        0.000000        0.000000
        9.092182        0.000000        1.019043
        9.092525        1.000378        0.000000
        8.176696        0.000000        3.017332
        7.641801        0.999550        1.011897
        8.197732        1.000350        1.986364
        7.658996        0.999992        2.994392
        8.726300        0.000000        2.030940
        8.153288        0.000000        5.005435
        8.716577        1.000350        2.979901
        8.177841        0.999992        3.987929
        8.659809        0.999874        5.005435
        9.245145        0.000000        3.024478
        9.766266        0.000000        4.003860
        9.184757        0.000000        5.005435
        9.237835        0.999871        3.980385
        7.635587        0.999992        4.982495
        8.117555        0.999874        6.000000
        8.642503        0.000000        6.000000
        8.181681        1.999901        0.974467
        7.995571        2.999550        0.000000
        7.640079        2.999550        1.012179
        8.710591        1.999928        0.000000
        8.198877        2.000343        2.956961
        8.551502        3.000350        0.974467
        8.196010        3.000350        1.986646
        8.715999        3.000350        2.979345
        9.266180        1.000350        1.993509
        9.266523        2.000728        0.974467
        9.822968        2.000543        1.952495
        9.258871        2.000221        2.949417
        9.266092        3.000350        1.992953
        8.142109        1.999866        4.982495
        7.657274        2.999992        2.994674
        8.177262        2.999992        3.987373
        7.635371        2.999992        4.982495
        8.720135        1.999863        3.957445
        8.659230        2.999874        5.004878
        8.117339        2.999874        6.000000
        9.149025        0.999874        6.000000
        9.202102        1.999745        4.974951
        9.664703        1.999867        6.000000
        9.148180        2.999874        6.000000
        8.009900        4.000000        1.012179
        9.080413        3.000378        0.000000
        9.290691        4.000000        0.000000
        9.079982        4.000000        1.018487
        8.174396        4.000000        3.017057
        8.724489        4.000000        2.030666
        8.152493        4.000000        5.004878
        9.237256        2.999871        3.979829
        9.244478        4.000000        3.023365
        9.764679        4.000000        4.003587
        9.183334        4.000000        5.004878
        8.641442        4.000000        6.000000
       10.026379        0.000000        1.019043
       10.026722        1.000378        0.000000
       10.583166        1.000193        0.978029
       11.066322        0.000000        0.000000
       11.114279        0.000000        1.004933
       11.125574        0.998072        0.000000
       10.315869        0.000000        3.017468
        9.795090        1.000378        1.019043
       10.351535        1.000193        1.997072
        9.787438        0.999871        2.993993
       10.882647        0.000000        2.023976
       10.255481        0.000000        4.998425
       10.872656        1.000193        2.976454
       10.308559        0.999871        3.973375
       10.771160        0.999993        4.998425
       11.403768        0.000000        3.003358
       11.906481        0.000000        3.986075
       11.282354        0.000000        4.998425
       11.380625        1.000106        3.980243
        9.727051        0.999871        4.974951
       10.189651        0.999993        6.000000
       10.700846        0.000000        6.000000
       10.351878        2.000571        0.978029
       10.005712        3.000378        0.000000
        9.795002        3.000378        1.018487
       10.894286        1.998450        0.000000
       10.344225        2.000064        2.952979
       10.562156        3.000193        0.978029
       10.351447        3.000193        1.996516
       10.871648        3.000193        2.976738
       11.391478        1.000193        0.978029
       11.439435        1.000193        1.982962
       11.450730        1.998266        0.978029
       12.002011        2.000279        1.968818
       11.416291        2.000299        2.959846
       11.368360        3.000193        0.978029
       11.440175        3.000193        1.985203
       10.242729        1.999864        4.974951
        9.787350        2.999871        2.993437
       10.307551        2.999871        3.973660
        9.726206        2.999871        4.974951
       10.852194        1.999977        3.956768
       10.770152        2.999993        4.998709
       10.188806        2.999993        6.000000
       11.216524        0.999993        6.000000
       11.314794        2.000099        4.981818
       11.746554        1.999912        6.000000
       11.215541        2.999993        6.000000
       10.005281        4.000000        1.018487
       11.104564        2.998072        0.000000
       11.022194        4.000000        0.000000
       11.094009        4.000000        1.007174
       10.314773        4.000000        3.017196
       10.883300        4.000000        2.025661
       10.253629        4.000000        4.998709
       11.379617        3.000106        3.980527
       11.403501        4.000000        3.005883
       11.905137        4.000000        3.986627
       11.280364        4.000000        4.998709
       10.699018        4.000000        6.000000
       11.922590        0.000000        1.004933
       11.933886        0.998072        0.000000
       12.485167        1.000086        0.990789
       12.716355        0.000000        0.000000
       12.473260        0.000000        2.992584
       11.981843        0.998072        1.004933
       12.533123        1.000086        1.995722
       11.947403        1.000106        2.986751
       12.764311        0.000000        1.004933
       13.076853        0.000000        2.012275
       12.351845        0.000000        4.987651
       13.035836        1.000086        2.978439
       12.450116        1.000106        3.969468
       12.881876        0.999919        4.987651
       13.579566        0.000000        2.994992
       14.049937        0.000000        3.964805
       13.364131        0.000000        4.987651
       13.538732        0.999833        3.998588
       11.825989        1.000106        4.981818
       12.257749        0.999919        6.000000
       12.740004        0.000000        6.000000
       12.544419        1.998158        0.990789
       11.910768        2.998072        0.000000
       11.982583        2.998072        1.007174
       12.775607        0.998072        0.000000
       13.105454        1.998865        0.000000
       12.762353        2.998072        0.000000
       12.509980        2.000192        2.972607
       12.462049        3.000086        0.990789
       12.533864        3.000086        1.997963
       13.035500        3.000086        2.978707
       13.326888        1.000086        0.990789
       13.639430        1.000086        1.998130
       13.656735        2.000879        0.990789
       14.185205        1.999950        2.028898
       13.598596        1.999919        3.001726
       13.313633        3.000086        0.990789
       13.639409        3.000086        1.997091
       12.356019        2.000025        4.981818
       11.948144        3.000106        2.988992
       12.449779        3.000106        3.969735
       11.825006        3.000106        4.981818
       13.012875        1.999939        3.992755
       12.881539        2.999919        4.987918
       12.256766        2.999919        6.000000
       13.270034        0.999919        6.000000
       13.444635        1.999752        5.010937
       13.839779        1.999952        6.000000
       13.268784        2.999919        6.000000
       11.900213        4.000000        1.007174
       12.679982        4.000000        0.000000
       12.473664        4.000000        2.995092
       12.751797        4.000000        1.007174
       13.077573        4.000000        2.013477
       12.350526        4.000000        4.987918
       13.538395        2.999833        3.998855
       13.579208        4.000000        2.994220
       14.048524        4.000000        3.964537
       13.362544        4.000000        4.987918
       12.737771        4.000000        6.000000
       13.870618        0.000000        1.007341
       13.887923        1.000793        0.000000
       14.505518        0.000000        0.000000
       14.653530        0.000000        2.984496
       14.200464        1.000793        1.007341
       14.728935        0.999864        2.045450
       14.142325        0.999833        3.018279
       14.818059        0.000000        1.007341
       15.297457        0.000000        1.997471
       14.438095        0.000000        4.977155
       15.199306        0.999864        3.015264
       14.612696        0.999833        3.988092
       15.007840        1.000033        4.977155
       15.767828        0.000000        2.967285
       16.179264        0.000000        3.949770
       15.418788        0.000000        4.977155
       15.745277        0.999961        4.020735
       13.926890        0.999833        5.010937
       14.322034        1.000033        6.000000
       14.732982        0.000000        6.000000
       14.746240        2.000657        1.038109
       13.874668        3.000793        0.000000
       14.200443        3.000793        1.006302
       14.835365        1.000793        0.000000
       15.296272        2.001370        0.000000
       14.828984        3.000793        0.000000
       14.688101        1.999698        3.049046
       14.728914        2.999864        2.044411
       15.198229        2.999864        3.014728
       15.363835        0.999864        1.038109
       15.843232        0.999864        2.028239
       15.824742        2.000441        1.038109
       16.345083        1.999870        2.061663
       15.820681        1.999825        3.081689
       15.357454        2.999864        1.038109
       15.842731        2.999864        2.027146
       14.496635        1.999866        5.010937
       14.142304        2.999833        3.017239
       14.611619        2.999833        3.987557
       13.925640        2.999833        5.010937
       15.234071        1.999794        4.054517
       15.006764        3.000033        4.976620
       14.320784        3.000033        6.000000
       15.302727        1.000033        6.000000
       15.629216        1.999994        5.043580
       15.950132        2.000157        6.000000
       15.301328        3.000033        6.000000
       13.857342        4.000000        1.006302
       14.485882        4.000000        0.000000
       14.652432        4.000000        2.982922
       14.811658        4.000000        1.006302
       15.296934        4.000000        1.995339
       14.435768        4.000000        4.976620
       15.744200        2.999961        4.020200
       15.766249        4.000000        2.965656
       16.176664        4.000000        3.948593
       15.416312        4.000000        4.976620
       14.730333        4.000000        6.000000
       15.932357        0.000000        0.990130
       15.913866        1.000577        0.000000
       16.442865        0.000000        0.000000
       16.823191        0.000000        2.962745
       16.393264        1.000577        0.990130
       16.913604        1.000006        2.013684
       16.389203        0.999961        3.033710
       16.922262        0.000000        0.990130
       17.551739        0.000000        2.026851
       16.474151        0.000000        4.972615
       17.325041        1.000006        2.996169
       16.800639        0.999961        4.016195
       17.121556        1.000124        4.972615
       17.963176        0.000000        3.009336
       18.249950        0.000000        4.001571
       17.399197        0.000000        4.972615
       17.976964        1.000153        3.862871
       16.040163        0.999961        5.043580
       16.361080        1.000124        6.000000
       16.638721        0.000000        6.000000
       16.895114        2.000583        1.023554
       15.907486        3.000577        0.000000
       16.392762        3.000577        0.989037
       16.903772        1.000577        0.000000
       17.460228        2.000940        0.000000
       16.901051        3.000577        0.000000
       16.891053        1.999967        3.067134
       16.913103        3.000006        2.012590
       17.323518        3.000006        2.995527
       17.424113        1.000006        1.023554
       18.053590        1.000006        2.060274
       17.980569        2.000369        1.023554
       18.478904        1.999949        1.820344
       18.067377        2.000159        2.913809
       17.421392        3.000006        1.023554
       18.053272        3.000006        2.060016
       16.687568        2.000084        5.043580
       16.388701        2.999961        3.032617
       16.799116        2.999961        4.015554
       16.038764        2.999961        5.043580
       17.542976        2.000113        3.933836
       17.120033        3.000124        4.971974
       16.359681        3.000124        6.000000
       17.286126        1.000124        6.000000
       17.863893        2.000276        4.890255
       18.000994        2.000339        6.000000
       17.284891        3.000124        6.000000
       15.925474        4.000000        0.989037
       16.433763        4.000000        0.000000
       16.821166        4.000000        2.961010
       16.919040        4.000000        0.989037
       17.550920        4.000000        2.025499
       16.471229        4.000000        4.971974
       17.975440        3.000153        3.862229
       17.961335        4.000000        3.008436
       18.247074        4.000000        4.001189
       17.396439        4.000000        4.971974
       16.636087        4.000000        6.000000
       18.062247        0.000000        1.036720
       17.989226        1.000363        0.000000
       18.379559        0.000000        0.000000
       18.978499        0.000000        3.065677
       18.618703        1.000363        1.036720
       19.117039        0.999943        1.833511
       18.705512        1.000153        2.926976
       19.009036        0.000000        1.036720
       19.845862        0.000000        1.982586
       19.845862        1.000186        2.276820
       18.414520        0.000000        5.028956
       19.403813        0.999943        2.825746
       18.992286        1.000153        3.919212
       19.129388        1.000215        5.028956
       20.132637        0.000000        2.974822
       20.132637        0.000000        3.983085
       19.299734        0.000000        5.028956
       20.132637        1.000186        3.269056
       20.132637        0.999854        4.219440
       20.132637       -0.032971        5.028956
       18.141534        1.000153        4.890255
       18.278635        1.000215        6.000000
       18.448981        0.000000        6.000000
       19.044018        2.000305        0.796790
       17.986505        3.000363        0.000000
       18.618386        3.000363        1.036462
       18.936015        1.000363        0.000000
       19.772841        2.002337        0.000000
       18.935094        3.000363        0.000000
       19.130827        2.000095        2.687046
       19.116722        2.999943        1.833252
       19.402460        2.999943        2.826005
       19.434351        0.999943        0.796790
       20.271177        0.999943        1.742656
       20.271177        2.001916        0.796790
       20.271177        2.000129        2.036890
       19.433429        2.999943        0.796790
       20.271177        2.999943        1.744599
       20.271177        0.967964        0.796790
       20.271177        2.999943        0.759543
       18.856402        2.000368        4.890255
       18.705195        3.000153        2.926718
       18.990933        3.000153        3.919470
       18.140298        3.000153        4.890255
       19.859650        2.000339        3.130355
       19.859650        2.000007        4.080739
       19.128035        3.000215        5.029215
       18.277400        3.000215        6.000000
       19.163849        1.000215        6.000000
       19.996752        2.000070        5.190484
       19.996752        2.000331        6.000000
       19.163399        3.000215        6.000000
       18.059209        4.000000        1.036462
       18.375917        4.000000        0.000000
       18.976828        4.000000        3.065677
       19.845545        3.000186        2.276562
       19.007797        4.000000        1.036462
       19.845545        4.000000        1.984271
       18.411932        4.000000        5.029215
       20.131283        3.000186        3.269315
       20.131283        2.999854        4.219699
       20.131283        4.000000        2.977024
       20.131283        4.000000        3.983429
       19.297931        4.000000        5.029215
       20.131283        4.032981        5.029215
       18.447296        4.000000        6.000000
       20.163174        0.000000        0.945866
       20.163174        1.001974        0.000000
       20.163174       -0.031979        0.000000
       21.000000        0.000000        2.899994
       21.000000        1.001974        0.945866
       21.000000        1.000186        2.185965
       21.000000       -0.031979        0.945866
       21.000000        1.000186        3.194228
       21.000000        0.999854        4.144612
       21.000000       -0.032971        4.954129
       20.167098        0.999854        5.190484
       20.167098        1.000116        6.000000
       20.167098       -0.032971        6.000000
       21.000000        2.002160        1.240100
       20.162253        3.001974        0.000000
       21.000000        3.001974        0.947809
       21.000000        0.969995        0.000000
       21.000000        3.001974       -0.037247
       21.000000        2.000041        3.430583
       21.000000        3.000186        2.187909
       21.000000        3.000186        3.194313
       21.000000        1.999970        5.190484
       21.000000        2.999854        4.144697
       20.166647        2.999854        5.190484
       21.000000        0.966883        5.190484
       21.000000        3.032836        5.190484
       20.166647        3.000116        6.000000
       21.000000        0.967144        6.000000
       21.000000        3.033097        6.000000
       20.162253        4.000000        0.947809
       20.162253        4.000000       -0.037247
       21.000000        4.000000        2.902022
       21.000000        4.000000        0.910562
       21.000000        4.032981        4.954214
       20.166647        4.032981        6.000000
