            63            62            51            67
            66            62            63            67
            66            71            70            67
           126           121           133           122
            81            69            66            70
            54            51            62            67
            54            51            50            62
            54            62            66            67
            54            66            70            67
            54            50            49            62
            54            49            61            62
            54            58            70            57
            54            70            69            57
           125           126           121           133
           125           126           113           121
           114           121           126           122
           114           113           126           121
            82            70            66            71
            82            81            66            70
            42            37            50            38
            42            50            39            38
            43            39            27            38
            43            27            30            38
            43            42            39            38
            43            30            42            38
            18            21            22            34
            26            25            30            38
            26            30            27            38
            26            14            18            13
            26            18            14            15
            41            25            37            38
            41            30            25            38
            41            37            42            38
            41            42            30            38
            74            63            66            62
           101            90           106           105
           101           106           117           105
            99            98            87            90
           110           121           114           122
           110           114           111           122
           110           109           113           121
           110           113           114           121
           115           123           128           134
           115           128           131           136
            65            81            69            66
            65            61            66            62
            65            54            61            62
            65            66            54            62
            65            54            49            61
            65            66            69            70
            65            54            66            70
            65            69            54            70
            65            54            69            57
           132           120           119           116
           132           119           115           116
           132           128           115           136
           132           115           128           116
           132           115           131           136
           132           131           115           119
            40            28            32            27
            40            43            39            27
            40            32            43            27
            16            20            28            15
            31            20            28            32
            31            28            20            15
            31            27            28            15
            31            32            28            27
            31            43            32            27
            31            30            43            27
            31            30            18            34
            31            26            27            15
            31            18            26            15
            31            26            30            27
            31            26            18            30
            29            33            21            34
            29            21            18            34
            29            30            33            34
            29            18            30            34
            29            25            26            13
            29            26            18            13
            29            30            41            33
            29            25            41            30
            29            26            25            30
            29            18            26            30
            17            22            18            21
            17            22            21             9
            17            18            29            21
            17             5            10             9
            17            10            22             9
            17            29            18            13
            17            18            14            13
            17            14             1            13
            53            41            42            45
            53            45            58            57
            53            42            58            45
            53            58            54            57
            53            42            54            58
            53            42            41            37
            53            54            65            57
            53            65            54            49
            53            49            54            50
            53            54            42            50
            53            49            50            37
            53            50            42            37
            73            66            61            62
            73            74            66            62
            73            66            65            61
            86            87            78            75
            86            78            74            75
            86            87            98            90
            92           108            95            96
            77            82            81            66
            77            78            82            66
            77            82            93            81
            77            78            93            82
            77            81            65            66
            77            65            73            66
            77            74            78            66
            77            73            74            66
           102           109           101           113
           102           110           109           113
           102           114           110           113
           102           101           109            98
           102           109           110            98
           102           118           114           113
           102           101           117           113
           102           117           118           113
           102           101            98            90
           102           101           106           117
           102           106           118           117
           102           106           101            90
           103           111           115           116
           103           112           111           116
           103           112            99           111
           103           114           115           111
           103           119           120           116
           103           115           119           116
           103           110           114           111
           103           110           102           114
           103            99           110           111
           103           115           114           119
           103           110            99            98
           103           102           110            98
           103           114           118           119
           103           102           118           114
           103           106           102            90
           103            98            99            90
           103           102            98            90
           103           118           102           106
           127           128           115           123
           127           131           115           128
           127           114           126           122
           127           115           111           123
           127           115           114           111
           127           114           115           119
           127           115           131           119
           127           123           111           122
           127           111           114           122
           129           126           125           135
           129           125           126           113
           129           118           117           113
           129           126           114           113
           129           114           118           113
           130           126           129           135
           130           118           114           119
           130           114           129           126
           130           118           129           114
           130           114           127           119
           130           127           131           119
           130           127           114           126
            94            93            78            82
            94            83            78            95
            94            82            78            83
            94           106            95            90
            94           106            90           105
            44            40            43            39
            44            43            40            32
            64            76            63            68
            64            68            63            67
            64            63            51            67
            24            11             8            12
            46            47            42            58
            46            58            42            45
            46            33            30            34
            46            42            43            30
            46            47            43            42
            46            45            41            33
            46            41            30            33
            46            42            41            45
            46            41            42            30
            59            70            71            67
            59            54            70            67
            59            54            58            70
             2             1            17            14
            19             3            16             7
            19            16             3            15
            19            20            16            15
            19             3            14            15
            19            31            20            15
            19             8            16            20
            19            16             8             7
            19            14            18            15
            19             3             2            14
            19            18            31            15
            19            24             8            20
            19             8            11             7
            19             8            24            11
            97           109           101            98
            97            98           101            90
            97            86            98            90
            80            83            84            96
            80            88            76            75
            91            87            88            75
            91            88            92            75
            91            92            88            87
            91            78            87            75
            91            87            86            90
            91            86            78            90
            91            78            86            87
            91            78            83            95
            91            99            87            90
            91           103            99            90
            91            94            95            90
            91            78            94            90
            91            94            78            95
            91            95            83            96
            91            92            95            96
            91            83            92            96
            91            92           108            95
           124           111           112           116
           124           115           111           116
           124           115           128           134
           124           128           115           116
           124           123           115           134
           124           111           115           123
           100            88            92            87
           100            91            99            87
           100            92            91            87
           107           120           103           119
           107            91           108            95
           107            91            95            90
           107           103            91            90
           107            95           106            90
           107           106           103            90
           107           103           118           119
           107           118           103           106
            56            64            51            67
            56            68            64            67
            52            56            64            51
            52            40            44            39
            35            30            31            34
            35            46            30            34
            35            46            47            43
            35            31            43            32
            35            43            31            30
            35            46            43            30
            72            71            84            68
            72            59            56            60
            72            71            68            67
            72            59            71            67
            72            68            56            67
            72            56            59            67
             6            17             5            10
             6            18            19            14
             6            19             2            14
             6            17            18            14
             6             2            17            14
             6            19            11             7
             6            19            18            22
             6            22            17            10
             6            18            17            22
             6            11            22            10
             6            19            22            11
            23            18            19            22
            23            31            19            18
            23            18            22            34
            23            31            18            34
            23            35            31            34
            23            22            19            11
            23            19            24            11
            23            19            31            20
            23            24            19            20
            85            77            73            74
            85            86            78            74
            85            78            77            74
            79            80            84            68
            79            84            71            68
            79            68            71            67
            79            84            83            71
            79            80            83            84
            79            63            68            67
            79            76            80            68
            79            63            76            68
            79            71            66            67
            79            66            63            67
            79            75            76            63
            79            80            76            75
            79            82            66            71
            79            83            82            71
            79            91            78            83
            79            66            74            63
            79            74            75            63
            79            78            91            75
            79            82            78            66
            79            78            82            83
            79            92            91            83
            79            78            74            66
            79            74            78            75
            79            91            92            75
            79            80            92            96
            79            92            83            96
            79            83            80            96
            79            92            80            88
            79            92            88            75
            79            88            80            75
           104           103           112            99
           104           112           100            99
           104            91           103            99
           104           100            91            99
           104           112           103           116
           104            91           100            92
           104            91            92           108
           104           107            91           108
           104            91           107           103
           104           103           120           116
           104           107           108           120
           104           103           107           120
            55            43            42            39
            55            52            39            51
            55            56            52            51
            55            44            43            39
            55            39            50            51
            55            39            42            50
            55            52            56            44
            55            52            44            39
            55            51            54            67
            55            56            51            67
            55            44            47            43
            55            50            54            51
            55            42            54            50
            55            54            59            67
            55            59            56            67
            55            44            56            60
            55            47            44            60
            55            54            42            58
            55            59            54            58
            55            43            47            42
            55            59            47            60
            55            56            59            60
            55            42            47            58
            55            47            59            58
            48            44            47            60
            48            47            44            43
            48            35            47            43
            48            43            44            32
            48            35            43            32
            36            24            23            20
            36            20            31            32
            36            23            31            20
            36            31            35            32
            36            23            35            31
            36            35            48            32
            89            97           101            90
            89            77            85            78
            89            86            97            90
            89            85            97            86
            89            93            77            78
            89            78            86            90
            89            85            86            78
            89            90           101           105
            89            94            78            90
            89            94            93            78
            89            94            90           105
            89            93            94           105
             3            16             8             4
             3             8            16             7
             6             3            19             7
             6             2            19             3
             6            17             1             5
             6            17             2             1
