        0.0000000000000000        0.0000000000000000        0.0000000000000000
        0.0000000000000000        0.0000000000000000        2.0000000000000000
        0.0000000000000000        0.0000000000000000        4.0000000000000000
        0.0000000000000000        0.0000000000000000        6.0000000000000000
        0.0000000000000000        2.0000000000000000        0.0000000000000000
        0.0000000000000000        2.0000000000000000        2.0000000000000000
        0.0000000000000000        2.0000000000000000        4.0000000000000000
        0.0000000000000000        2.0000000000000000        6.0000000000000000
        0.0000000000000000        4.0000000000000000       -0.0698549900961620
        0.0000000000000000        4.0000000000000000        1.9678644605097608
        0.0000000000000000        4.0000000000000000        4.0258313127461127
        0.0000000000000000        4.0000000000000000        6.0681366830675838
        2.1745018454649112        0.0000000000000000        0.0000000000000000
        1.6044243292964395        0.0000000000000000        2.0401700364238065
        2.2691745725600634        0.0000000000000000        4.0287022588405073
        1.6589612274075038        0.0000000000000000        6.0000000000000000
        1.5957365733476387        2.0107421746812628        0.0000000000000000
        2.3053859422208753        1.9985301041562817        1.9486643277911710
        1.5560391135844069        2.0056519276992546        3.9315956868878530
        2.2277234563153239        2.0004752492659006        6.0000000000000000
        2.1504298756687259        4.0000000000000000        0.0000000000000000
        1.5880918703279026        4.0000000000000000        2.0617944504448009
        2.2804404778790199        4.0000000000000000        4.0327707321048845
        1.6655865110385117        4.0000000000000000        6.0000000000000000
        4.3006462116862556        0.0000000000000000        0.0000000000000000
        3.5402246682265761        0.0000000000000000        2.0163713050320591
        4.4767049964278565        0.0000000000000000        3.9944636015148611
        3.5808415847393165        0.0000000000000000        6.0000000000000000
        3.5481003747034423        2.0010776431898565        0.0000000000000000
        4.5197786819235999        2.0025671680087185        2.0070286198359666
        3.5134048352523699        1.9958056717190618        3.9850994798798673
        4.4054947301863772        1.9995585921322661        6.0000000000000000
        4.2874138686150953        4.0000000000000000        0.0000000000000000
        3.5278934191180897        4.0000000000000000        2.0066940014834831
        4.4787533363859380        4.0000000000000000        3.9872816123106642
        3.5886140246706884        4.0000000000000000        6.0000000000000000
        6.3518570573307542        0.0000000000000000        0.0000000000000000
        5.6137405368970397        0.0000000000000000        2.0093483621732044
        6.6398839545856800        0.0000000000000000        3.9932420341047834
        5.5879268079181683        0.0000000000000000        6.0000000000000000
        5.6125741362643389        2.0006088241646158        0.0000000000000000
        6.6979960823155569        2.0001180789833657        1.9881016366611728
        5.6244588783739280        2.0002003419643688        3.9947245015239434
        6.5299376096113981        2.0000385995323562        6.0000000000000000
        6.3405418414537831        4.0000000000000000        0.0000000000000000
        5.6100563084928359        4.0000000000000000        2.0070354033044722
        6.6412962886467453        4.0000000000000000        3.9926057818995728
        5.5911948501174509        4.0000000000000000        6.0000000000000000
        8.2737992354288590        0.0000000000000000        0.0000000000000000
        7.7449367486480050        0.0000000000000000        2.0216389078922363
        8.7967768214231405        0.0000000000000000        3.9808466926836474
        7.6265808525496155        0.0000000000000000        6.0000000000000000
        7.7651196422870141        2.0005385549867953        0.0000000000000000
        8.8908514182692961        2.0001546531839480        1.9978287828098824
        7.7817576268921957        2.0000578238431705        3.9776079402983680
        8.6032923564768886        2.0000116406386268        6.0000000000000000
        8.2599438549081601        4.0000000000000000        0.0000000000000000
        7.7433658054213090        4.0000000000000000        2.0211920245188089
        8.7986643586826823        4.0000000000000000        3.9806439996184011
        7.6296072924170808        4.0000000000000000        6.0000000000000000
        9.9632161702705595        0.0000000000000000        0.0000000000000000
        9.9145878199635433        0.0000000000000000        1.9970090212026175
       10.9398916955032988        0.0000000000000000        3.9644328142131116
        9.6596315460766959        0.0000000000000000        6.0000000000000000
        9.9647582201984193        1.9999074644322874        0.0000000000000000
       11.0938510933958892        2.0007274731849853        2.0758883370239709
        9.9901622905293657        2.0001253700852950        4.0119880518499782
       10.6328935649570706        2.0000942042419796        6.0000000000000000
        9.9412526348785839        4.0000000000000000        0.0000000000000000
        9.9137205326701690        4.0000000000000000        1.9973098922260213
       10.9430099629904447        4.0000000000000000        3.9643288020898559
        9.6628647653119231        4.0000000000000000        6.0000000000000000
       11.6106418945973182        0.0000000000000000        0.0000000000000000
       12.0849609607421886        0.0000000000000000        1.9809254653982666
       13.0504823681313766        0.0000000000000000        3.9337720735515767
       11.6655582066833130        0.0000000000000000        6.0000000000000000
       12.1635759010643856        1.9999407683913493        0.0000000000000000
       13.2739165791647000        1.9995440209841606        2.1806763836670906
       12.2960698829227848        2.0002536043545276        4.1105725328754357
       12.5896460291700194        2.0001103988560822        6.0000000000000000
       11.5968162339177088        4.0000000000000000        0.0000000000000000
       12.0871910077549085        4.0000000000000000        1.9824262801293215
       13.0558135995075499        4.0000000000000000        3.9347648793673042
       11.6692083898354895        4.0000000000000000        6.0000000000000000
       13.4784788080924827        0.0000000000000000        0.0000000000000000
       14.2645321196403110        0.0000000000000000        1.9139234236183962
       15.0190163156106085        0.0000000000000000        3.9059636184147397
       13.6242159533996556        0.0000000000000000        6.0000000000000000
       14.3019316095803575        2.0006764040186633        0.0000000000000000
       15.3980285866630791        2.0000430899378325        2.1599596185882008
       14.7388254529635621        1.9998662936815739        4.1501043612127226
       14.4699856636549864        1.9997747623560045        6.0000000000000000
       13.4697145850814319        4.0000000000000000        0.0000000000000000
       14.2661447368791272        4.0000000000000000        1.9134580294912062
       15.0258516617284794        4.0000000000000000        3.9056371281266533
       13.6282063589858158        4.0000000000000000        6.0000000000000000
       15.4714241572573812        0.0000000000000000        0.0000000000000000
       16.4646432402290550        0.0000000000000000        2.0297678854214398
       16.9984480003691303        0.0000000000000000        4.0182651151547111
       15.5506364639128112        0.0000000000000000        6.0000000000000000
       16.4256739321232494        2.0004977324289035        0.0000000000000000
       17.4599188993492120        1.9996755201495897        1.6461344606842121
       17.2228404352287363        2.0000102223389939        3.7910712210680253
       16.4936424171020306        1.9997993644873640        6.0000000000000000
       15.4669254532840412        4.0000000000000000        0.0000000000000000
       16.4663422959972934        4.0000000000000000        2.0287874381176372
       17.0045032568414030        4.0000000000000000        4.0184728726354093
       15.5534138896030694        4.0000000000000000        6.0000000000000000
       17.4466174789989488        0.0000000000000000        0.0000000000000000
       18.6579345454335588        0.0000000000000000        1.9734165941712789
       18.9842482749729022        0.0000000000000000        3.8565102552473212
       17.4969541883396289        0.0000000000000000        6.0000000000000000
       18.8206957828227637        2.0003406315344074        0.0000000000000000
       19.3079285169515700        1.9994810812519759        2.3311444747302006
       19.3322574365163291        1.9999938928472718        4.4952187232353005
       18.5451220871387896        1.9996786553616184        6.0000000000000000
       17.4446381992505444        4.0000000000000000        0.0000000000000000
       18.6590837614820089        4.0000000000000000        1.9716991625389517
       18.9878632660259505        4.0000000000000000        3.8549800296420331
       17.4985318709492610        4.0000000000000000        6.0000000000000000
       19.3713156594661982        0.0000000000000000        0.0000000000000000
       21.0000000000000000        0.0000000000000000        2.0964833106482734
       21.0000000000000000        0.0000000000000000        4.1165813861830349
       19.3212005193230922        0.0000000000000000        6.0000000000000000
       21.0000000000000000        1.9960001327178383        0.0000000000000000
       21.0000000000000000        1.9993662820703115        1.5707943412568721
       21.0000000000000000        1.9998941803140433        3.6904771399663372
       21.0000000000000000        2.0000120235390866        6.0000000000000000
       19.3706206185271448        4.0000000000000000        0.0000000000000000
       21.0000000000000000        4.0000000000000000        2.0937289009408295
       21.0000000000000000        4.0000000000000000        4.1175172801733897
       19.3211935611373669        4.0000000000000000        6.0000000000000000
       21.0000000000000000        0.0000000000000000       -0.0591047715585637
       21.0000000000000000        0.0000000000000000        6.0772497439912021
       21.0000000000000000        4.0713776267444874        0.0000000000000000
       21.0000000000000000        4.0000000000000000        6.0773067751196690
